1.6374528134792516 1.0699851498857882 0.8595517267349404 0.3035743174319825 0.7393554153260123 1.1109243692616086 0.9164672505119587 1.6829754652978333 1.008322126543594 0.33385640491867175 
0.6886700814265305 0.5118745026644549 0.8595517267349404 0.3035743174319825 0.7393554153260123 0.8260842534301307 0.3425182364042938 0.4379935969000024 0.31805189021918556 0.33385640491867175 
0.6886700814265305 0.5118745026644549 0.6924513590205572 0.3035743174319825 0.7393554153260123 0.8260842534301307 0.3425182364042938 0.25921184582762463 0.31805189021918556 0.33385640491867175 
0.6886700814265305 0.5118745026644549 0.6924513590205572 -0.07146381134253707 0.7104783898169639 0.8260842534301307 0.3425182364042938 0.25921184582762463 0.31805189021918556 0.33385640491867175 
-0.2572489828149642 0.5118745026644549 0.6924513590205572 -0.3392557404824127 0.7104783898169639 0.8260842534301307 0.27302296592346326 0.25921184582762463 0.2552918595426682 0.33385640491867175 
-0.2572489828149642 -0.37788376264739526 0.3187050068223128 -0.3392557404824127 0.7104783898169639 0.8260842534301307 -1.0577682556338173 0.25921184582762463 0.2552918595426682 0.1271314850093871 
-0.2572489828149642 -0.37788376264739526 0.3187050068223128 -0.3392557404824127 0.7104783898169639 0.8260842534301307 -1.0577682556338173 0.25921184582762463 0.2552918595426682 0.1271314850093871 
-0.2937931860276922 -0.37788376264739526 0.3187050068223128 -0.3392557404824127 0.7104783898169639 0.8260842534301307 -1.0577682556338173 0.25921184582762463 0.2552918595426682 0.1271314850093871 
-0.2937931860276922 -0.37788376264739526 0.3187050068223128 -0.3392557404824127 0.7104783898169639 0.8260842534301307 -1.0577682556338173 0.25921184582762463 0.2552918595426682 0.1271314850093871 
-0.2937931860276922 -0.37788376264739526 0.3187050068223128 -0.3392557404824127 0.7104783898169639 0.8260842534301307 -1.0577682556338173 0.25921184582762463 0.2552918595426682 -0.04279254692912354 
-0.2937931860276922 -0.37788376264739526 0.3187050068223128 -0.3392557404824127 0.7104783898169639 -1.7942562357293264 -1.0577682556338173 0.25921184582762463 0.2552918595426682 -0.04279254692912354 
-0.2937931860276922 -0.37788376264739526 0.3187050068223128 -0.3392557404824127 0.6411717192752217 -1.7942562357293264 -1.0577682556338173 0.25921184582762463 0.2552918595426682 -0.7601317513588003 
-0.2937931860276922 -0.37788376264739526 0.1628880146541461 -0.3392557404824127 0.6411717192752217 -1.7942562357293264 -1.0577682556338173 0.25921184582762463 0.2552918595426682 -0.7601317513588003 
-0.2937931860276922 -0.37788376264739526 0.1628880146541461 -0.3392557404824127 0.6411717192752217 -1.7942562357293264 -1.0577682556338173 0.25921184582762463 0.2552918595426682 -0.7601317513588003 
-0.2937931860276922 -0.37788376264739526 0.1628880146541461 -0.3392557404824127 0.6411717192752217 -1.7942562357293264 -1.0577682556338173 0.25921184582762463 0.2552918595426682 -0.7601317513588003 
-0.2937931860276922 -0.37788376264739526 0.1628880146541461 -0.3392557404824127 0.6411717192752217 -1.7942562357293264 -1.0577682556338173 0.25921184582762463 0.2552918595426682 -0.7601317513588003 
-0.2937931860276922 -0.37788376264739526 0.1628880146541461 -0.3392557404824127 0.6047380178024957 -1.7942562357293264 -1.0577682556338173 0.25921184582762463 0.2552918595426682 -0.7601317513588003 
-0.2937931860276922 -0.37788376264739526 0.1628880146541461 -0.3392557404824127 0.6047380178024957 -1.7942562357293264 -1.0577682556338173 0.25921184582762463 0.2552918595426682 -0.7601317513588003 
-0.2937931860276922 -0.37788376264739526 0.1628880146541461 -0.3392557404824127 0.37537774562231957 -1.7942562357293264 -1.0577682556338173 0.25921184582762463 0.2552918595426682 -0.7601317513588003 
-0.2937931860276922 -0.37788376264739526 0.1628880146541461 -0.3392557404824127 0.37537774562231957 -1.7942562357293264 -1.0577682556338173 0.25921184582762463 0.2552918595426682 -0.7601317513588003 
-0.2937931860276922 -0.37788376264739526 0.1628880146541461 -0.3392557404824127 0.37537774562231957 -1.7942562357293264 -1.0577682556338173 0.25921184582762463 0.2552918595426682 -0.7601317513588003 
-0.2937931860276922 -0.37788376264739526 0.1628880146541461 -0.3392557404824127 0.37537774562231957 -1.7942562357293264 -1.0577682556338173 0.25921184582762463 0.2552918595426682 -0.7601317513588003 
-0.2937931860276922 -0.37788376264739526 0.1628880146541461 -0.3392557404824127 0.37537774562231957 -1.7942562357293264 -1.0577682556338173 0.25921184582762463 0.2552918595426682 -0.7601317513588003 
-0.2937931860276922 -1.2144483838862323 0.1628880146541461 -0.3392557404824127 0.37537774562231957 -1.7942562357293264 -1.0577682556338173 0.25921184582762463 0.2552918595426682 -0.7601317513588003 
-0.2937931860276922 -1.2144483838862323 0.1628880146541461 -0.3392557404824127 0.37537774562231957 -1.7942562357293264 -1.0577682556338173 0.25921184582762463 0.2552918595426682 -0.7601317513588003 
-0.2937931860276922 -1.2144483838862323 0.1628880146541461 -0.3392557404824127 0.37537774562231957 -1.7942562357293264 -1.0577682556338173 0.25921184582762463 0.2552918595426682 -0.7601317513588003 
-0.2937931860276922 -1.2144483838862323 0.1628880146541461 -0.3392557404824127 0.37537774562231957 -1.7942562357293264 -1.0577682556338173 0.25921184582762463 0.2552918595426682 -0.7601317513588003 
-0.2937931860276922 -1.2144483838862323 0.1628880146541461 -0.3392557404824127 0.37537774562231957 -1.7942562357293264 -1.0577682556338173 0.25921184582762463 0.2552918595426682 -0.7601317513588003 
-0.2937931860276922 -1.2144483838862323 0.1628880146541461 -0.3392557404824127 0.37537774562231957 -1.7942562357293264 -1.0577682556338173 0.25921184582762463 0.2552918595426682 -1.151681350111988 
-0.2937931860276922 -1.2144483838862323 0.1628880146541461 -0.3392557404824127 0.37537774562231957 -1.7942562357293264 -1.0577682556338173 0.25921184582762463 0.2552918595426682 -1.151681350111988 
-0.2937931860276922 -1.2144483838862323 0.1628880146541461 -0.3392557404824127 0.37537774562231957 -1.7942562357293264 -1.0577682556338173 0.25921184582762463 0.2552918595426682 -1.151681350111988 
-0.2937931860276922 -1.2144483838862323 0.1628880146541461 -0.3392557404824127 0.37537774562231957 -1.7942562357293264 -1.0577682556338173 0.25921184582762463 0.2552918595426682 -1.151681350111988 
-0.2937931860276922 -1.2144483838862323 0.1628880146541461 -0.3392557404824127 0.37537774562231957 -1.7942562357293264 -1.0577682556338173 0.25921184582762463 0.2552918595426682 -1.151681350111988 
-0.2937931860276922 -1.2144483838862323 0.1628880146541461 -0.3392557404824127 0.37537774562231957 -1.7942562357293264 -1.0577682556338173 0.25921184582762463 0.2552918595426682 -1.151681350111988 
-0.2937931860276922 -1.2144483838862323 0.1628880146541461 -0.3392557404824127 0.37537774562231957 -1.7942562357293264 -1.0577682556338173 0.25921184582762463 0.2552918595426682 -1.151681350111988 
-0.2937931860276922 -1.2144483838862323 0.1628880146541461 -0.3392557404824127 0.37537774562231957 -1.7942562357293264 -1.0577682556338173 0.25921184582762463 0.2552918595426682 -1.151681350111988 
-0.2937931860276922 -1.2144483838862323 0.1628880146541461 -0.3392557404824127 0.37537774562231957 -1.7942562357293264 -1.0577682556338173 0.25921184582762463 0.2552918595426682 -1.151681350111988 
-0.2937931860276922 -1.2144483838862323 0.1628880146541461 -0.3392557404824127 -0.32375370457430375 -1.7942562357293264 -1.0577682556338173 0.25921184582762463 0.2552918595426682 -1.151681350111988 
-0.2937931860276922 -1.2144483838862323 0.1628880146541461 -0.3392557404824127 -0.32375370457430375 -1.7942562357293264 -1.0577682556338173 0.25921184582762463 0.2552918595426682 -1.151681350111988 
-0.2937931860276922 -1.2144483838862323 0.1628880146541461 -0.3392557404824127 -0.32375370457430375 -1.7942562357293264 -1.0577682556338173 0.25921184582762463 0.2552918595426682 -1.151681350111988 
-0.2937931860276922 -1.2144483838862323 0.1628880146541461 -0.3392557404824127 -0.32375370457430375 -1.7942562357293264 -1.0577682556338173 0.25921184582762463 0.2552918595426682 -1.151681350111988 
-0.2937931860276922 -1.2144483838862323 0.1628880146541461 -0.3392557404824127 -0.32375370457430375 -1.7942562357293264 -1.0577682556338173 0.25921184582762463 0.2552918595426682 -1.151681350111988 
-0.2937931860276922 -1.2144483838862323 0.1628880146541461 -0.3392557404824127 -0.32375370457430375 -1.7942562357293264 -1.0577682556338173 0.25921184582762463 0.2552918595426682 -1.151681350111988 
-0.2937931860276922 -1.2144483838862323 0.1628880146541461 -0.3392557404824127 -0.32375370457430375 -1.7942562357293264 -1.0577682556338173 0.25921184582762463 0.2552918595426682 -1.151681350111988 
-0.2937931860276922 -1.2144483838862323 0.1628880146541461 -0.3392557404824127 -0.32375370457430375 -1.7942562357293264 -1.0577682556338173 0.25921184582762463 0.2552918595426682 -1.151681350111988 
-0.2937931860276922 -1.2144483838862323 0.1628880146541461 -0.4358562536238194 -0.32375370457430375 -1.7942562357293264 -1.0577682556338173 0.25921184582762463 0.2552918595426682 -1.151681350111988 
-0.2937931860276922 -1.2144483838862323 0.1628880146541461 -0.4358562536238194 -0.32375370457430375 -1.7942562357293264 -1.0577682556338173 0.25921184582762463 0.2552918595426682 -1.151681350111988 
-0.2937931860276922 -1.2144483838862323 0.1628880146541461 -0.4358562536238194 -0.32375370457430375 -1.7942562357293264 -1.0577682556338173 0.25921184582762463 0.2552918595426682 -1.151681350111988 
-0.2937931860276922 -1.2144483838862323 0.1628880146541461 -0.4358562536238194 -0.32375370457430375 -1.7942562357293264 -1.0577682556338173 0.25921184582762463 0.2552918595426682 -1.151681350111988 
-0.4140484882714308 -1.2144483838862323 0.1628880146541461 -0.4358562536238194 -0.32375370457430375 -1.7942562357293264 -1.0577682556338173 0.25921184582762463 0.2552918595426682 -1.151681350111988 
-0.4140484882714308 -1.2144483838862323 0.1628880146541461 -0.4358562536238194 -0.32375370457430375 -1.7942562357293264 -1.0577682556338173 0.25921184582762463 0.2552918595426682 -1.151681350111988 
-0.4140484882714308 -1.2144483838862323 0.1628880146541461 -0.4358562536238194 -0.32375370457430375 -1.7942562357293264 -1.0577682556338173 0.25921184582762463 0.2552918595426682 -1.151681350111988 
-0.4140484882714308 -1.2144483838862323 0.1628880146541461 -0.4358562536238194 -0.32375370457430375 -1.7942562357293264 -1.1538226373426341 0.25921184582762463 0.2552918595426682 -1.151681350111988 
-0.4140484882714308 -1.2144483838862323 0.1628880146541461 -0.4358562536238194 -0.32375370457430375 -1.7942562357293264 -1.1538226373426341 0.25921184582762463 0.2552918595426682 -1.151681350111988 
-0.4140484882714308 -1.2144483838862323 0.1628880146541461 -0.4358562536238194 -0.32375370457430375 -1.7942562357293264 -1.1538226373426341 0.25921184582762463 0.2552918595426682 -1.151681350111988 
-0.6225850929446222 -1.2144483838862323 0.1628880146541461 -0.4358562536238194 -0.32375370457430375 -1.7942562357293264 -1.1538226373426341 0.25921184582762463 0.2552918595426682 -1.151681350111988 
-0.6225850929446222 -1.2144483838862323 0.1628880146541461 -0.4358562536238194 -0.32375370457430375 -1.7942562357293264 -1.1538226373426341 0.25921184582762463 0.2552918595426682 -1.151681350111988 
-0.6225850929446222 -1.2144483838862323 0.1628880146541461 -0.4358562536238194 -0.32375370457430375 -1.7942562357293264 -1.1538226373426341 0.25921184582762463 0.2552918595426682 -1.151681350111988 
-0.6225850929446222 -1.2144483838862323 0.1628880146541461 -0.4358562536238194 -0.32375370457430375 -1.7942562357293264 -1.1538226373426341 0.25921184582762463 0.2552918595426682 -1.151681350111988 
-0.6225850929446222 -1.2144483838862323 0.1628880146541461 -0.4358562536238194 -0.32375370457430375 -1.7942562357293264 -1.1538226373426341 0.25921184582762463 0.2552918595426682 -1.151681350111988 
-0.6225850929446222 -1.2144483838862323 0.1628880146541461 -0.4358562536238194 -0.32375370457430375 -1.7942562357293264 -1.1538226373426341 0.25921184582762463 0.2552918595426682 -1.151681350111988 
-0.6225850929446222 -1.2144483838862323 0.1628880146541461 -0.4528426648274015 -0.32375370457430375 -1.7942562357293264 -1.1538226373426341 0.25921184582762463 0.2552918595426682 -1.151681350111988 
-0.6225850929446222 -1.2144483838862323 0.1628880146541461 -0.4528426648274015 -0.32375370457430375 -1.7942562357293264 -1.1538226373426341 0.25921184582762463 0.2552918595426682 -1.151681350111988 
-0.6225850929446222 -1.2144483838862323 0.1628880146541461 -0.4528426648274015 -0.32375370457430375 -1.7942562357293264 -1.1538226373426341 0.25921184582762463 0.2552918595426682 -1.151681350111988 
-0.6225850929446222 -1.2144483838862323 0.1628880146541461 -0.4528426648274015 -0.32375370457430375 -1.7942562357293264 -1.1538226373426341 0.25921184582762463 0.2552918595426682 -1.151681350111988 
-0.6225850929446222 -1.2144483838862323 0.1628880146541461 -0.4528426648274015 -0.32375370457430375 -1.7942562357293264 -1.1538226373426341 0.25921184582762463 0.2552918595426682 -1.151681350111988 
-0.6225850929446222 -1.2144483838862323 0.1628880146541461 -0.4528426648274015 -0.32375370457430375 -1.7942562357293264 -1.1538226373426341 0.25921184582762463 0.2552918595426682 -1.151681350111988 
-0.6225850929446222 -1.2144483838862323 0.1628880146541461 -0.4528426648274015 -0.32375370457430375 -1.7942562357293264 -1.1538226373426341 0.25921184582762463 0.2552918595426682 -1.151681350111988 
-0.6225850929446222 -1.2144483838862323 0.1628880146541461 -0.4528426648274015 -0.32375370457430375 -1.7942562357293264 -1.1538226373426341 0.25921184582762463 0.2552918595426682 -1.151681350111988 
-0.6225850929446222 -1.2144483838862323 0.1628880146541461 -0.8337222258202335 -0.32375370457430375 -1.7942562357293264 -1.1538226373426341 0.25921184582762463 0.2552918595426682 -1.151681350111988 
-0.6225850929446222 -1.2144483838862323 0.1628880146541461 -0.8337222258202335 -0.32375370457430375 -1.7942562357293264 -1.1538226373426341 0.25921184582762463 0.2552918595426682 -1.151681350111988 
-0.6225850929446222 -1.2144483838862323 0.1628880146541461 -0.8337222258202335 -0.32375370457430375 -1.7942562357293264 -1.1538226373426341 0.25921184582762463 0.2552918595426682 -1.151681350111988 
-0.6225850929446222 -1.2144483838862323 0.1628880146541461 -0.8337222258202335 -0.32375370457430375 -1.7942562357293264 -1.1538226373426341 0.25921184582762463 0.2552918595426682 -1.151681350111988 
-0.6225850929446222 -1.2144483838862323 0.1628880146541461 -0.8337222258202335 -0.32375370457430375 -1.7942562357293264 -1.1538226373426341 0.25921184582762463 0.2552918595426682 -1.151681350111988 
-0.6225850929446222 -1.2144483838862323 -0.17919419362506267 -0.8337222258202335 -0.32375370457430375 -1.7942562357293264 -1.1538226373426341 0.25921184582762463 0.2552918595426682 -1.151681350111988 
-0.6225850929446222 -1.2144483838862323 -0.17919419362506267 -0.8337222258202335 -0.32375370457430375 -1.7942562357293264 -1.1538226373426341 0.10250248804567724 0.2552918595426682 -1.151681350111988 
-0.6225850929446222 -1.2144483838862323 -0.17919419362506267 -0.8337222258202335 -0.32375370457430375 -1.7942562357293264 -1.1538226373426341 0.10250248804567724 0.2552918595426682 -1.151681350111988 
-0.6225850929446222 -1.2144483838862323 -0.17919419362506267 -0.8337222258202335 -0.32375370457430375 -1.7942562357293264 -1.1640628517979703 0.10250248804567724 0.2552918595426682 -1.151681350111988 
-0.6225850929446222 -1.2144483838862323 -0.17919419362506267 -0.8337222258202335 -0.32375370457430375 -1.7942562357293264 -1.1640628517979703 0.10250248804567724 -0.4397434688287708 -1.151681350111988 
-0.6225850929446222 -1.2144483838862323 -0.17919419362506267 -0.8337222258202335 -0.32375370457430375 -1.7942562357293264 -1.1640628517979703 0.10250248804567724 -0.4397434688287708 -1.151681350111988 
-0.6225850929446222 -1.2144483838862323 -0.17919419362506267 -0.8337222258202335 -0.32375370457430375 -1.7942562357293264 -1.1640628517979703 0.10250248804567724 -0.4397434688287708 -1.151681350111988 
-0.6225850929446222 -1.2144483838862323 -0.17919419362506267 -0.8337222258202335 -0.32375370457430375 -1.7942562357293264 -1.1640628517979703 0.10250248804567724 -0.4397434688287708 -1.151681350111988 
-0.6225850929446222 -1.2144483838862323 -0.17919419362506267 -0.8337222258202335 -0.32375370457430375 -1.7942562357293264 -1.1640628517979703 0.10250248804567724 -0.4397434688287708 -1.151681350111988 
-0.6225850929446222 -1.2144483838862323 -0.17919419362506267 -0.8337222258202335 -0.32375370457430375 -1.7942562357293264 -1.1640628517979703 0.010748499363835096 -0.4397434688287708 -1.151681350111988 
-0.6225850929446222 -1.2144483838862323 -0.17919419362506267 -0.8337222258202335 -0.32375370457430375 -1.7942562357293264 -1.1640628517979703 0.010748499363835096 -0.4397434688287708 -1.151681350111988 
-0.6225850929446222 -1.2144483838862323 -0.17919419362506267 -0.8337222258202335 -0.32375370457430375 -1.7942562357293264 -1.1640628517979703 0.010748499363835096 -0.4397434688287708 -1.151681350111988 
-0.6225850929446222 -1.2144483838862323 -0.17919419362506267 -0.8337222258202335 -0.32375370457430375 -1.7942562357293264 -1.1640628517979703 0.010748499363835096 -0.4397434688287708 -1.151681350111988 
-0.6225850929446222 -1.2144483838862323 -0.17919419362506267 -0.8337222258202335 -0.32375370457430375 -1.7942562357293264 -1.4776384372983389 0.010748499363835096 -0.4397434688287708 -1.151681350111988 
-0.6225850929446222 -1.2144483838862323 -0.17919419362506267 -0.8337222258202335 -0.32375370457430375 -1.7942562357293264 -1.4776384372983389 0.010748499363835096 -0.4397434688287708 -1.151681350111988 
-0.6225850929446222 -1.2144483838862323 -0.17919419362506267 -0.8337222258202335 -0.32375370457430375 -1.7942562357293264 -1.4776384372983389 0.010748499363835096 -0.4397434688287708 -1.151681350111988 
-0.6225850929446222 -1.2144483838862323 -0.17919419362506267 -0.8337222258202335 -0.32375370457430375 -1.7942562357293264 -1.4776384372983389 0.010748499363835096 -0.4397434688287708 -1.151681350111988 
-0.6225850929446222 -1.2144483838862323 -0.17919419362506267 -0.8337222258202335 -0.32375370457430375 -1.7942562357293264 -1.4776384372983389 0.010748499363835096 -0.4397434688287708 -1.151681350111988 
-0.6225850929446222 -1.2144483838862323 -0.17919419362506267 -0.8337222258202335 -0.32375370457430375 -1.7942562357293264 -1.4776384372983389 0.010748499363835096 -0.4397434688287708 -1.151681350111988 
-0.6225850929446222 -1.2144483838862323 -0.17919419362506267 -0.8337222258202335 -0.32375370457430375 -1.7942562357293264 -1.4776384372983389 0.010748499363835096 -0.4397434688287708 -1.151681350111988 
-0.6225850929446222 -1.2144483838862323 -0.17919419362506267 -0.8337222258202335 -0.32375370457430375 -1.7942562357293264 -1.4776384372983389 0.010748499363835096 -0.4397434688287708 -1.151681350111988 
-0.6225850929446222 -1.2144483838862323 -0.17919419362506267 -0.8337222258202335 -0.32375370457430375 -1.7942562357293264 -1.4776384372983389 0.010748499363835096 -0.4397434688287708 -1.151681350111988 
-0.6225850929446222 -1.2144483838862323 -0.17919419362506267 -0.8337222258202335 -0.32375370457430375 -1.7942562357293264 -1.4776384372983389 0.010748499363835096 -0.4397434688287708 -1.151681350111988 
-0.6225850929446222 -1.2144483838862323 -0.17919419362506267 -0.8337222258202335 -0.32375370457430375 -1.7942562357293264 -1.4776384372983389 0.010748499363835096 -0.4397434688287708 -1.151681350111988 
-0.6225850929446222 -1.2144483838862323 -0.17919419362506267 -0.8337222258202335 -0.32375370457430375 -1.7942562357293264 -1.4776384372983389 0.010748499363835096 -0.4397434688287708 -1.151681350111988 
-0.6225850929446222 -1.2144483838862323 -0.17919419362506267 -0.8337222258202335 -0.32375370457430375 -1.7942562357293264 -1.4776384372983389 -0.45312613432221394 -0.4397434688287708 -1.151681350111988 
-0.6225850929446222 -1.2144483838862323 -0.17919419362506267 -0.8337222258202335 -0.32375370457430375 -1.7942562357293264 -1.4776384372983389 -0.45312613432221394 -0.4397434688287708 -1.151681350111988 
-0.6225850929446222 -1.2144483838862323 -0.17919419362506267 -0.8337222258202335 -0.32375370457430375 -1.7942562357293264 -1.4776384372983389 -0.45312613432221394 -0.4397434688287708 -1.151681350111988 
-0.6225850929446222 -1.2144483838862323 -0.17919419362506267 -0.8337222258202335 -0.32375370457430375 -1.7942562357293264 -1.4776384372983389 -0.45312613432221394 -0.4397434688287708 -1.151681350111988 
-0.6225850929446222 -1.2144483838862323 -0.17919419362506267 -0.8337222258202335 -0.32375370457430375 -1.7942562357293264 -1.4776384372983389 -0.45312613432221394 -0.4397434688287708 -1.151681350111988 
-0.6225850929446222 -1.2144483838862323 -0.17919419362506267 -0.8337222258202335 -0.32375370457430375 -1.7942562357293264 -1.4776384372983389 -0.5558004513625092 -0.4397434688287708 -1.151681350111988 
-0.6225850929446222 -1.2144483838862323 -0.17919419362506267 -0.8337222258202335 -0.32375370457430375 -1.7942562357293264 -1.4776384372983389 -0.5558004513625092 -0.4397434688287708 -1.151681350111988 
-0.6225850929446222 -1.2144483838862323 -0.17919419362506267 -0.8337222258202335 -0.32375370457430375 -1.7942562357293264 -1.4776384372983389 -0.5558004513625092 -0.4397434688287708 -1.151681350111988 
-0.6225850929446222 -1.2144483838862323 -0.17919419362506267 -0.8337222258202335 -0.32375370457430375 -1.7942562357293264 -1.4776384372983389 -0.5558004513625092 -0.4397434688287708 -1.151681350111988 
-0.6225850929446222 -1.2144483838862323 -0.17919419362506267 -0.8337222258202335 -0.32375370457430375 -1.7942562357293264 -1.4776384372983389 -0.5558004513625092 -0.4397434688287708 -1.151681350111988 
-0.6225850929446222 -1.2144483838862323 -0.17919419362506267 -0.8337222258202335 -0.32375370457430375 -1.7942562357293264 -1.4776384372983389 -0.8083526752097445 -0.4397434688287708 -1.151681350111988 
-0.6225850929446222 -1.2144483838862323 -0.17919419362506267 -0.8337222258202335 -0.32375370457430375 -1.7942562357293264 -1.4776384372983389 -0.8083526752097445 -0.4397434688287708 -1.151681350111988 
-0.6225850929446222 -1.2144483838862323 -0.17919419362506267 -0.8337222258202335 -0.32375370457430375 -1.7942562357293264 -1.4776384372983389 -0.8083526752097445 -0.4397434688287708 -1.151681350111988 
-0.6225850929446222 -1.2144483838862323 -0.17919419362506267 -0.8337222258202335 -0.32375370457430375 -1.7942562357293264 -1.4776384372983389 -0.8083526752097445 -0.4397434688287708 -1.151681350111988 
-0.6225850929446222 -1.2144483838862323 -0.17919419362506267 -0.8337222258202335 -0.32375370457430375 -1.7942562357293264 -1.4776384372983389 -0.8083526752097445 -0.4397434688287708 -1.151681350111988 
-0.6225850929446222 -1.2144483838862323 -0.17919419362506267 -0.8337222258202335 -0.32375370457430375 -1.7942562357293264 -1.4776384372983389 -0.8083526752097445 -0.4397434688287708 -1.151681350111988 
-0.6225850929446222 -1.2144483838862323 -0.17919419362506267 -0.8337222258202335 -0.32375370457430375 -1.7942562357293264 -1.4776384372983389 -0.8083526752097445 -0.4397434688287708 -1.151681350111988 
-0.6225850929446222 -1.2144483838862323 -0.17919419362506267 -0.8337222258202335 -0.32375370457430375 -1.7942562357293264 -1.4776384372983389 -0.8083526752097445 -0.4397434688287708 -1.151681350111988 
-0.6225850929446222 -1.2144483838862323 -0.17919419362506267 -0.8337222258202335 -0.32375370457430375 -1.7942562357293264 -1.4776384372983389 -0.8083526752097445 -0.4397434688287708 -1.151681350111988 
-0.6225850929446222 -1.2144483838862323 -0.17919419362506267 -0.8337222258202335 -0.32375370457430375 -1.7942562357293264 -1.4776384372983389 -0.8083526752097445 -0.4397434688287708 -1.151681350111988 
-0.6225850929446222 -1.2144483838862323 -0.17919419362506267 -0.8337222258202335 -0.32375370457430375 -1.7942562357293264 -1.4776384372983389 -0.8083526752097445 -0.4397434688287708 -1.151681350111988 
-0.6225850929446222 -1.2144483838862323 -0.17919419362506267 -1.2963506544288763 -0.32375370457430375 -1.7942562357293264 -1.4776384372983389 -0.8083526752097445 -0.4397434688287708 -1.151681350111988 
-0.6225850929446222 -1.2144483838862323 -0.17919419362506267 -1.2963506544288763 -0.32375370457430375 -1.7942562357293264 -1.4776384372983389 -0.8083526752097445 -0.4397434688287708 -1.151681350111988 
-0.6225850929446222 -1.2144483838862323 -0.17919419362506267 -1.2963506544288763 -0.32375370457430375 -1.7942562357293264 -1.4776384372983389 -0.8083526752097445 -0.4397434688287708 -1.151681350111988 
-0.6225850929446222 -1.2144483838862323 -0.17919419362506267 -1.2963506544288763 -0.32375370457430375 -1.7942562357293264 -1.4776384372983389 -0.8083526752097445 -0.4397434688287708 -1.151681350111988 
-0.6225850929446222 -1.2144483838862323 -0.17919419362506267 -1.2963506544288763 -0.32375370457430375 -1.7942562357293264 -1.4776384372983389 -0.8083526752097445 -0.4397434688287708 -1.151681350111988 
-0.6225850929446222 -1.2144483838862323 -0.17919419362506267 -1.2963506544288763 -0.32375370457430375 -1.7942562357293264 -1.4776384372983389 -0.8083526752097445 -0.4397434688287708 -1.151681350111988 
-0.6225850929446222 -1.2144483838862323 -0.17919419362506267 -1.2963506544288763 -0.32375370457430375 -1.7942562357293264 -1.4776384372983389 -0.8083526752097445 -0.4397434688287708 -1.151681350111988 
-0.6225850929446222 -1.2144483838862323 -0.17919419362506267 -1.2963506544288763 -0.32375370457430375 -1.7942562357293264 -1.4776384372983389 -0.8083526752097445 -0.4397434688287708 -1.151681350111988 
-0.6225850929446222 -1.2144483838862323 -0.17919419362506267 -1.2963506544288763 -0.32375370457430375 -1.7942562357293264 -1.4776384372983389 -0.8083526752097445 -0.4397434688287708 -1.1950640377187318 
-0.6225850929446222 -1.2144483838862323 -0.17919419362506267 -1.2963506544288763 -0.32375370457430375 -1.7942562357293264 -1.4776384372983389 -0.8083526752097445 -0.4397434688287708 -1.1950640377187318 
-0.6225850929446222 -1.2144483838862323 -0.17919419362506267 -1.2963506544288763 -0.32375370457430375 -1.7942562357293264 -1.4776384372983389 -0.8083526752097445 -0.4397434688287708 -1.1950640377187318 
-0.6225850929446222 -1.2144483838862323 -0.17919419362506267 -1.2963506544288763 -0.32375370457430375 -1.7942562357293264 -1.4776384372983389 -0.8083526752097445 -0.4397434688287708 -1.1950640377187318 
-0.6225850929446222 -1.2144483838862323 -0.17919419362506267 -1.2963506544288763 -0.32375370457430375 -1.7942562357293264 -1.4776384372983389 -0.8083526752097445 -0.4397434688287708 -1.1950640377187318 
-0.6225850929446222 -1.2144483838862323 -0.17919419362506267 -1.2963506544288763 -0.32375370457430375 -1.7942562357293264 -1.4776384372983389 -0.8083526752097445 -0.4397434688287708 -1.1950640377187318 
-0.6225850929446222 -1.2144483838862323 -0.17919419362506267 -1.2963506544288763 -0.32375370457430375 -1.7942562357293264 -1.4776384372983389 -0.8083526752097445 -0.4397434688287708 -1.1950640377187318 
-0.6225850929446222 -1.2144483838862323 -0.17919419362506267 -1.2963506544288763 -0.32375370457430375 -1.7942562357293264 -1.4776384372983389 -0.8083526752097445 -0.4397434688287708 -1.1950640377187318 
-0.6225850929446222 -1.2144483838862323 -0.17919419362506267 -1.2963506544288763 -0.32375370457430375 -1.7942562357293264 -1.4776384372983389 -0.8083526752097445 -0.4397434688287708 -1.1950640377187318 
-0.6225850929446222 -1.2144483838862323 -0.17919419362506267 -1.2963506544288763 -0.32375370457430375 -1.7942562357293264 -1.4776384372983389 -0.8083526752097445 -0.4397434688287708 -1.1950640377187318 
-0.6225850929446222 -1.2144483838862323 -0.17919419362506267 -1.2963506544288763 -0.32375370457430375 -1.7942562357293264 -1.4776384372983389 -0.8083526752097445 -0.4397434688287708 -1.1950640377187318 
-0.6225850929446222 -1.2144483838862323 -0.17919419362506267 -1.2963506544288763 -0.32375370457430375 -1.7942562357293264 -1.4776384372983389 -0.8083526752097445 -0.4397434688287708 -1.1950640377187318 
-0.6225850929446222 -1.2144483838862323 -0.17919419362506267 -1.2963506544288763 -0.32375370457430375 -1.7942562357293264 -1.4776384372983389 -0.8083526752097445 -0.4397434688287708 -1.1950640377187318 
-0.6225850929446222 -1.2144483838862323 -0.17919419362506267 -1.2963506544288763 -0.32375370457430375 -1.7942562357293264 -1.4776384372983389 -1.110042596349233 -0.4397434688287708 -1.1950640377187318 
-0.6225850929446222 -1.2144483838862323 -0.17919419362506267 -1.2963506544288763 -0.32375370457430375 -1.7942562357293264 -1.4776384372983389 -1.110042596349233 -0.4397434688287708 -1.1950640377187318 
-0.6225850929446222 -1.2144483838862323 -0.17919419362506267 -1.2963506544288763 -0.32375370457430375 -1.7942562357293264 -1.4776384372983389 -1.110042596349233 -0.4397434688287708 -1.1950640377187318 
-0.6225850929446222 -1.2144483838862323 -0.17919419362506267 -1.2963506544288763 -0.32375370457430375 -1.7942562357293264 -1.4776384372983389 -1.110042596349233 -0.4397434688287708 -1.1950640377187318 
-0.6225850929446222 -1.2144483838862323 -0.17919419362506267 -1.2963506544288763 -0.32375370457430375 -1.7942562357293264 -1.4776384372983389 -1.110042596349233 -0.4397434688287708 -1.1950640377187318 
-0.6225850929446222 -1.2144483838862323 -0.17919419362506267 -1.2963506544288763 -0.32375370457430375 -1.7942562357293264 -1.4776384372983389 -1.110042596349233 -0.4397434688287708 -1.1950640377187318 
-0.6225850929446222 -1.2144483838862323 -0.17919419362506267 -1.2963506544288763 -0.32375370457430375 -1.7942562357293264 -1.4776384372983389 -1.110042596349233 -0.4397434688287708 -1.1950640377187318 
-0.6225850929446222 -1.2144483838862323 -0.17919419362506267 -1.2963506544288763 -0.32375370457430375 -1.7942562357293264 -1.4776384372983389 -1.110042596349233 -0.4397434688287708 -1.1950640377187318 
-0.6225850929446222 -1.2144483838862323 -0.17919419362506267 -1.2963506544288763 -0.32375370457430375 -1.7942562357293264 -1.4776384372983389 -1.110042596349233 -0.4397434688287708 -1.355457723515182 
-0.6225850929446222 -1.2144483838862323 -0.17919419362506267 -1.2963506544288763 -0.32375370457430375 -1.7942562357293264 -1.4776384372983389 -1.110042596349233 -0.4397434688287708 -1.355457723515182 
-0.6225850929446222 -1.2144483838862323 -0.17919419362506267 -1.2963506544288763 -0.32375370457430375 -1.7942562357293264 -1.4776384372983389 -1.110042596349233 -0.4397434688287708 -1.355457723515182 
-0.6225850929446222 -1.2144483838862323 -0.17919419362506267 -1.2963506544288763 -0.32375370457430375 -1.7942562357293264 -1.4776384372983389 -1.110042596349233 -0.4397434688287708 -1.355457723515182 
-0.6225850929446222 -1.2144483838862323 -0.17919419362506267 -1.2963506544288763 -0.32375370457430375 -1.7942562357293264 -1.4776384372983389 -1.110042596349233 -0.4397434688287708 -1.355457723515182 
-0.6225850929446222 -1.2144483838862323 -0.17919419362506267 -1.2963506544288763 -0.32375370457430375 -1.7942562357293264 -1.4776384372983389 -1.110042596349233 -0.4397434688287708 -1.355457723515182 
-0.6225850929446222 -1.2144483838862323 -0.17919419362506267 -1.2963506544288763 -0.32375370457430375 -1.7942562357293264 -1.4776384372983389 -1.110042596349233 -0.4397434688287708 -1.355457723515182 
-0.6225850929446222 -1.2144483838862323 -0.17919419362506267 -1.2963506544288763 -0.32375370457430375 -1.7942562357293264 -1.4776384372983389 -1.110042596349233 -0.4397434688287708 -1.355457723515182 
-0.6225850929446222 -1.2144483838862323 -0.17919419362506267 -1.2963506544288763 -0.32375370457430375 -1.7942562357293264 -1.4776384372983389 -1.110042596349233 -0.4397434688287708 -1.355457723515182 
-0.6225850929446222 -1.2144483838862323 -0.17919419362506267 -1.2963506544288763 -0.32375370457430375 -1.7942562357293264 -1.4776384372983389 -1.110042596349233 -0.4397434688287708 -1.355457723515182 
-0.6225850929446222 -1.2144483838862323 -0.17919419362506267 -1.2963506544288763 -0.32375370457430375 -1.7942562357293264 -1.4776384372983389 -1.110042596349233 -0.6811844762558925 -1.355457723515182 
-0.6225850929446222 -1.2144483838862323 -0.17919419362506267 -1.2963506544288763 -0.32375370457430375 -1.7942562357293264 -1.4776384372983389 -1.110042596349233 -0.6811844762558925 -1.355457723515182 
-0.6225850929446222 -1.2144483838862323 -0.17919419362506267 -1.2963506544288763 -0.32375370457430375 -1.7942562357293264 -1.4776384372983389 -1.110042596349233 -0.6811844762558925 -1.355457723515182 
-0.6225850929446222 -1.2144483838862323 -0.17919419362506267 -1.2963506544288763 -0.32375370457430375 -1.7942562357293264 -1.4776384372983389 -1.110042596349233 -0.6811844762558925 -1.355457723515182 
-0.6225850929446222 -1.2144483838862323 -0.17919419362506267 -1.2963506544288763 -0.32375370457430375 -1.7942562357293264 -1.4776384372983389 -1.110042596349233 -0.6811844762558925 -1.355457723515182 
-0.6225850929446222 -1.2144483838862323 -0.17919419362506267 -1.2963506544288763 -0.32375370457430375 -1.7942562357293264 -1.4776384372983389 -1.110042596349233 -0.6811844762558925 -1.355457723515182 
-0.6225850929446222 -1.2144483838862323 -0.17919419362506267 -1.2963506544288763 -0.32375370457430375 -1.7942562357293264 -1.4776384372983389 -1.110042596349233 -0.6811844762558925 -1.355457723515182 
-0.6225850929446222 -1.2144483838862323 -0.17919419362506267 -1.2963506544288763 -0.32375370457430375 -1.7942562357293264 -1.4776384372983389 -1.110042596349233 -0.6811844762558925 -1.355457723515182 
-0.6225850929446222 -1.2144483838862323 -0.17919419362506267 -1.2963506544288763 -0.32375370457430375 -1.7942562357293264 -1.4776384372983389 -1.110042596349233 -0.6811844762558925 -1.355457723515182 
-0.6225850929446222 -1.2144483838862323 -0.17919419362506267 -1.2963506544288763 -0.32375370457430375 -1.7942562357293264 -1.4776384372983389 -1.110042596349233 -0.6811844762558925 -1.355457723515182 
-0.6225850929446222 -1.2144483838862323 -0.17919419362506267 -1.2963506544288763 -0.32375370457430375 -1.7942562357293264 -1.4776384372983389 -1.110042596349233 -0.6811844762558925 -1.355457723515182 
-0.6225850929446222 -1.2144483838862323 -0.17919419362506267 -1.2963506544288763 -0.32375370457430375 -1.7942562357293264 -1.4776384372983389 -1.110042596349233 -0.6811844762558925 -1.355457723515182 
-0.6225850929446222 -1.2144483838862323 -0.17919419362506267 -1.2963506544288763 -0.32375370457430375 -1.7942562357293264 -1.4776384372983389 -1.110042596349233 -0.6811844762558925 -1.355457723515182 
-0.6225850929446222 -1.2144483838862323 -0.17919419362506267 -1.2963506544288763 -0.32375370457430375 -1.7942562357293264 -1.4776384372983389 -1.110042596349233 -0.6811844762558925 -1.355457723515182 
-0.6225850929446222 -1.2144483838862323 -0.17919419362506267 -1.2963506544288763 -0.32375370457430375 -1.7942562357293264 -1.4776384372983389 -1.110042596349233 -0.6811844762558925 -1.355457723515182 
-0.6225850929446222 -1.2144483838862323 -0.17919419362506267 -1.2963506544288763 -0.32375370457430375 -1.7942562357293264 -1.4776384372983389 -1.110042596349233 -0.6811844762558925 -1.355457723515182 
-0.6225850929446222 -1.2144483838862323 -0.17919419362506267 -1.2963506544288763 -0.32375370457430375 -1.7942562357293264 -1.4776384372983389 -1.110042596349233 -0.6811844762558925 -1.355457723515182 
-0.6225850929446222 -1.2144483838862323 -0.17919419362506267 -1.2963506544288763 -0.32375370457430375 -1.7942562357293264 -1.4776384372983389 -1.110042596349233 -0.6811844762558925 -1.355457723515182 
-0.6225850929446222 -1.2144483838862323 -0.17919419362506267 -1.2963506544288763 -0.32375370457430375 -1.7942562357293264 -1.4776384372983389 -1.110042596349233 -0.6811844762558925 -1.355457723515182 
-0.6225850929446222 -1.2144483838862323 -0.17919419362506267 -1.2963506544288763 -0.32375370457430375 -1.7942562357293264 -1.4776384372983389 -1.110042596349233 -0.6811844762558925 -1.355457723515182 
-0.6225850929446222 -1.2144483838862323 -0.17919419362506267 -1.2963506544288763 -0.32375370457430375 -1.7942562357293264 -1.4776384372983389 -1.110042596349233 -0.6811844762558925 -1.355457723515182 
-0.6225850929446222 -1.5103766102951939 -0.17919419362506267 -1.2963506544288763 -0.32375370457430375 -1.7942562357293264 -1.4776384372983389 -1.110042596349233 -0.6811844762558925 -1.355457723515182 
-0.6225850929446222 -1.5103766102951939 -0.17919419362506267 -1.2963506544288763 -0.32375370457430375 -1.7942562357293264 -1.4776384372983389 -1.110042596349233 -0.6811844762558925 -1.355457723515182 
-0.6225850929446222 -1.5103766102951939 -0.17919419362506267 -1.2963506544288763 -0.32375370457430375 -1.7942562357293264 -1.479910786197782 -1.110042596349233 -0.6811844762558925 -1.355457723515182 
-0.6225850929446222 -1.5103766102951939 -0.17919419362506267 -1.2963506544288763 -0.32375370457430375 -1.7942562357293264 -1.586849592836748 -1.110042596349233 -0.6811844762558925 -1.355457723515182 
-0.6225850929446222 -1.5103766102951939 -0.17919419362506267 -1.2963506544288763 -0.32375370457430375 -1.7942562357293264 -1.586849592836748 -1.110042596349233 -0.6811844762558925 -1.355457723515182 
-0.6225850929446222 -1.5103766102951939 -0.17919419362506267 -1.2963506544288763 -0.32375370457430375 -1.7942562357293264 -1.586849592836748 -1.110042596349233 -0.6811844762558925 -1.355457723515182 
-0.6225850929446222 -1.5103766102951939 -0.17919419362506267 -1.2963506544288763 -0.32375370457430375 -1.7942562357293264 -1.586849592836748 -1.110042596349233 -1.4509343718939378 -1.355457723515182 
-0.6225850929446222 -1.5103766102951939 -0.17919419362506267 -1.2963506544288763 -0.32375370457430375 -1.7942562357293264 -1.586849592836748 -1.110042596349233 -1.4509343718939378 -1.355457723515182 
-0.6225850929446222 -1.5103766102951939 -0.17919419362506267 -1.2963506544288763 -0.32375370457430375 -1.7942562357293264 -1.586849592836748 -1.110042596349233 -1.4509343718939378 -1.355457723515182 
-0.6225850929446222 -1.5103766102951939 -0.17919419362506267 -1.2963506544288763 -0.32375370457430375 -1.7942562357293264 -1.586849592836748 -1.110042596349233 -1.4509343718939378 -1.355457723515182 
-0.6225850929446222 -1.5103766102951939 -0.17919419362506267 -1.2963506544288763 -0.32375370457430375 -1.7942562357293264 -1.586849592836748 -1.110042596349233 -1.4509343718939378 -1.355457723515182 
-0.6225850929446222 -1.5103766102951939 -0.17919419362506267 -1.2963506544288763 -0.32375370457430375 -1.7942562357293264 -1.586849592836748 -1.110042596349233 -1.4509343718939378 -1.355457723515182 
-0.6225850929446222 -1.5103766102951939 -0.6861400070701715 -1.2963506544288763 -0.32375370457430375 -1.7942562357293264 -1.586849592836748 -1.110042596349233 -1.4509343718939378 -1.355457723515182 
-0.6225850929446222 -1.5103766102951939 -0.6861400070701715 -1.2963506544288763 -0.32375370457430375 -1.7942562357293264 -1.586849592836748 -1.110042596349233 -1.4509343718939378 -1.355457723515182 
-0.6225850929446222 -1.5103766102951939 -0.6861400070701715 -1.2963506544288763 -0.32375370457430375 -1.7942562357293264 -1.586849592836748 -1.110042596349233 -1.4509343718939378 -1.355457723515182 
-0.6225850929446222 -1.5103766102951939 -0.6861400070701715 -1.2963506544288763 -0.32375370457430375 -1.7942562357293264 -1.586849592836748 -1.110042596349233 -1.4509343718939378 -1.355457723515182 
-0.6225850929446222 -1.5103766102951939 -0.6861400070701715 -1.2963506544288763 -0.32375370457430375 -1.7942562357293264 -1.586849592836748 -1.110042596349233 -1.4509343718939378 -1.355457723515182 
-0.6225850929446222 -1.5103766102951939 -0.6861400070701715 -1.2963506544288763 -0.32375370457430375 -1.7942562357293264 -1.586849592836748 -1.110042596349233 -1.4509343718939378 -1.355457723515182 
-0.6225850929446222 -1.5103766102951939 -0.6861400070701715 -1.2963506544288763 -0.32375370457430375 -1.7942562357293264 -1.586849592836748 -1.110042596349233 -1.4509343718939378 -1.355457723515182 
-0.6225850929446222 -1.5103766102951939 -0.6861400070701715 -1.2963506544288763 -0.32375370457430375 -1.7942562357293264 -1.586849592836748 -1.110042596349233 -1.4509343718939378 -1.355457723515182 
-0.6225850929446222 -1.5103766102951939 -0.6861400070701715 -1.2963506544288763 -0.32375370457430375 -1.7942562357293264 -1.586849592836748 -1.110042596349233 -1.4509343718939378 -1.355457723515182 
-0.6225850929446222 -1.5103766102951939 -0.6861400070701715 -1.2963506544288763 -0.32375370457430375 -1.7942562357293264 -1.586849592836748 -1.110042596349233 -1.4509343718939378 -1.355457723515182 
-0.6225850929446222 -1.5103766102951939 -0.6861400070701715 -1.2963506544288763 -0.32375370457430375 -1.7942562357293264 -1.586849592836748 -1.110042596349233 -1.4509343718939378 -1.355457723515182 
-0.6225850929446222 -1.5103766102951939 -0.6861400070701715 -1.2963506544288763 -0.32375370457430375 -1.7942562357293264 -1.586849592836748 -1.110042596349233 -1.4509343718939378 -1.355457723515182 
-0.6225850929446222 -1.5103766102951939 -0.6861400070701715 -1.2963506544288763 -0.32375370457430375 -1.7942562357293264 -1.586849592836748 -1.110042596349233 -1.4509343718939378 -1.355457723515182 
-0.6225850929446222 -1.5103766102951939 -0.6861400070701715 -1.2963506544288763 -0.32375370457430375 -1.7942562357293264 -1.586849592836748 -1.110042596349233 -1.4509343718939378 -1.355457723515182 
-0.6225850929446222 -1.5103766102951939 -0.6861400070701715 -1.2963506544288763 -0.32375370457430375 -1.7942562357293264 -1.586849592836748 -1.110042596349233 -1.4509343718939378 -1.355457723515182 
-0.6225850929446222 -1.5103766102951939 -0.6861400070701715 -1.2963506544288763 -0.32375370457430375 -1.7942562357293264 -1.586849592836748 -1.110042596349233 -1.4509343718939378 -1.355457723515182 
-0.6225850929446222 -1.5103766102951939 -0.6861400070701715 -1.2963506544288763 -0.32375370457430375 -1.7942562357293264 -1.586849592836748 -1.110042596349233 -1.4509343718939378 -1.355457723515182 
-0.6225850929446222 -1.5103766102951939 -0.6861400070701715 -1.2963506544288763 -0.32375370457430375 -1.7942562357293264 -1.586849592836748 -1.110042596349233 -1.4509343718939378 -1.355457723515182 
-0.6225850929446222 -1.5103766102951939 -0.6861400070701715 -1.2963506544288763 -0.32375370457430375 -1.7942562357293264 -1.586849592836748 -1.110042596349233 -1.4509343718939378 -1.355457723515182 
-0.6225850929446222 -1.5103766102951939 -0.6861400070701715 -1.2963506544288763 -0.32375370457430375 -1.7942562357293264 -1.586849592836748 -1.110042596349233 -1.4509343718939378 -1.355457723515182 
-0.6225850929446222 -1.5103766102951939 -0.6861400070701715 -1.2963506544288763 -0.32375370457430375 -1.7942562357293264 -1.586849592836748 -1.110042596349233 -1.4509343718939378 -1.355457723515182 
-0.6225850929446222 -1.5103766102951939 -0.6861400070701715 -1.2963506544288763 -0.32375370457430375 -1.7942562357293264 -1.586849592836748 -1.110042596349233 -1.4509343718939378 -1.355457723515182 
-0.6225850929446222 -1.5103766102951939 -0.6861400070701715 -1.2963506544288763 -0.32375370457430375 -1.7942562357293264 -1.586849592836748 -1.110042596349233 -1.4509343718939378 -1.355457723515182 
-0.6225850929446222 -1.5103766102951939 -0.6861400070701715 -1.2963506544288763 -0.32375370457430375 -1.7942562357293264 -1.586849592836748 -1.110042596349233 -1.4509343718939378 -1.355457723515182 
-0.6225850929446222 -1.5103766102951939 -0.6861400070701715 -1.2963506544288763 -0.32375370457430375 -1.7942562357293264 -1.586849592836748 -1.110042596349233 -1.4509343718939378 -1.355457723515182 
-0.6225850929446222 -1.5103766102951939 -0.6861400070701715 -1.2963506544288763 -0.32375370457430375 -1.7942562357293264 -1.586849592836748 -1.110042596349233 -1.4509343718939378 -1.355457723515182 
-0.6225850929446222 -1.5103766102951939 -0.6861400070701715 -1.2963506544288763 -0.32375370457430375 -1.7942562357293264 -1.586849592836748 -1.110042596349233 -1.4509343718939378 -1.355457723515182 
-0.6225850929446222 -1.5103766102951939 -0.6861400070701715 -1.2963506544288763 -0.32375370457430375 -1.7942562357293264 -1.586849592836748 -1.110042596349233 -1.4509343718939378 -1.355457723515182 
-0.6225850929446222 -1.5103766102951939 -0.6861400070701715 -1.2963506544288763 -0.32375370457430375 -1.7942562357293264 -1.586849592836748 -1.110042596349233 -1.4509343718939378 -1.355457723515182 
-0.6225850929446222 -1.5103766102951939 -0.6861400070701715 -1.2963506544288763 -0.32375370457430375 -1.7942562357293264 -1.586849592836748 -1.110042596349233 -1.4509343718939378 -1.355457723515182 
-0.6225850929446222 -1.5103766102951939 -0.6861400070701715 -1.2963506544288763 -0.32375370457430375 -1.7942562357293264 -1.586849592836748 -1.110042596349233 -1.4509343718939378 -1.355457723515182 
-0.6225850929446222 -1.5103766102951939 -0.6861400070701715 -1.2963506544288763 -0.32375370457430375 -1.7942562357293264 -1.586849592836748 -1.110042596349233 -1.4509343718939378 -1.355457723515182 
-0.6225850929446222 -1.5103766102951939 -0.6861400070701715 -1.2963506544288763 -0.32375370457430375 -1.7942562357293264 -1.586849592836748 -1.110042596349233 -1.4509343718939378 -1.355457723515182 
-0.6225850929446222 -1.5103766102951939 -0.6861400070701715 -1.2963506544288763 -0.32375370457430375 -1.7942562357293264 -1.586849592836748 -1.110042596349233 -1.4509343718939378 -1.355457723515182 
-0.6225850929446222 -1.5103766102951939 -0.6861400070701715 -1.2963506544288763 -0.32375370457430375 -1.7942562357293264 -1.586849592836748 -1.110042596349233 -1.4509343718939378 -1.355457723515182 
-0.6225850929446222 -1.5103766102951939 -0.6861400070701715 -1.2963506544288763 -0.32375370457430375 -1.7942562357293264 -1.586849592836748 -1.110042596349233 -1.4509343718939378 -1.355457723515182 
-0.6225850929446222 -1.5103766102951939 -0.6861400070701715 -1.2963506544288763 -0.32375370457430375 -1.7942562357293264 -1.586849592836748 -1.110042596349233 -1.4509343718939378 -1.355457723515182 
-0.6225850929446222 -1.5103766102951939 -0.6861400070701715 -1.2963506544288763 -0.32375370457430375 -1.7942562357293264 -1.586849592836748 -1.110042596349233 -1.4509343718939378 -1.355457723515182 
-0.6225850929446222 -1.5103766102951939 -0.6861400070701715 -1.2963506544288763 -0.32375370457430375 -1.7942562357293264 -1.586849592836748 -1.110042596349233 -1.4509343718939378 -1.3580711233988518 
-0.6225850929446222 -1.5103766102951939 -0.6861400070701715 -1.2963506544288763 -0.32375370457430375 -1.7942562357293264 -1.586849592836748 -1.110042596349233 -1.4509343718939378 -1.3580711233988518 
-0.6225850929446222 -1.5103766102951939 -0.6861400070701715 -1.2963506544288763 -0.32375370457430375 -1.7942562357293264 -1.586849592836748 -1.110042596349233 -1.4509343718939378 -1.3580711233988518 
-0.6225850929446222 -1.5103766102951939 -0.6861400070701715 -1.2963506544288763 -0.32375370457430375 -1.7942562357293264 -1.586849592836748 -1.110042596349233 -1.4509343718939378 -1.3580711233988518 
-0.6225850929446222 -1.5103766102951939 -0.6861400070701715 -1.2963506544288763 -0.32375370457430375 -1.7942562357293264 -1.586849592836748 -1.110042596349233 -1.4509343718939378 -1.3580711233988518 
-0.6225850929446222 -1.5103766102951939 -0.6861400070701715 -1.2963506544288763 -0.32375370457430375 -1.7942562357293264 -1.586849592836748 -1.110042596349233 -1.4509343718939378 -1.3580711233988518 
-0.6225850929446222 -1.5103766102951939 -0.6861400070701715 -1.2963506544288763 -0.32375370457430375 -1.7942562357293264 -1.586849592836748 -1.110042596349233 -1.4509343718939378 -1.3580711233988518 
-0.6225850929446222 -1.5103766102951939 -0.6861400070701715 -1.2963506544288763 -0.32375370457430375 -1.7942562357293264 -1.586849592836748 -1.110042596349233 -1.4509343718939378 -1.3580711233988518 
-0.6225850929446222 -1.5103766102951939 -0.6861400070701715 -1.2963506544288763 -0.32375370457430375 -1.7942562357293264 -1.586849592836748 -1.110042596349233 -1.4509343718939378 -1.3580711233988518 
-0.6597633926643505 -1.5103766102951939 -0.6861400070701715 -1.2963506544288763 -0.32375370457430375 -1.7942562357293264 -1.586849592836748 -1.110042596349233 -1.4509343718939378 -1.3580711233988518 
-0.6597633926643505 -1.5103766102951939 -0.6861400070701715 -1.2963506544288763 -0.32375370457430375 -1.7942562357293264 -1.586849592836748 -1.110042596349233 -1.4509343718939378 -1.3580711233988518 
-0.6597633926643505 -1.5103766102951939 -0.6861400070701715 -1.2963506544288763 -0.32375370457430375 -1.7942562357293264 -1.586849592836748 -1.110042596349233 -1.4509343718939378 -1.3580711233988518 
-0.6597633926643505 -1.5103766102951939 -0.6861400070701715 -1.2963506544288763 -0.32375370457430375 -1.7942562357293264 -1.586849592836748 -1.110042596349233 -1.4509343718939378 -1.3580711233988518 
-0.6597633926643505 -1.5103766102951939 -0.6861400070701715 -1.2963506544288763 -0.32375370457430375 -1.7942562357293264 -1.586849592836748 -1.110042596349233 -1.4509343718939378 -1.3580711233988518 
-0.6597633926643505 -1.5103766102951939 -0.6861400070701715 -1.2963506544288763 -0.32375370457430375 -1.7942562357293264 -1.586849592836748 -1.110042596349233 -1.4509343718939378 -1.3580711233988518 
-0.6597633926643505 -1.5103766102951939 -0.6861400070701715 -1.2963506544288763 -0.32375370457430375 -1.7942562357293264 -1.586849592836748 -1.110042596349233 -1.4509343718939378 -1.3580711233988518 
-0.6597633926643505 -1.5103766102951939 -0.6861400070701715 -1.2963506544288763 -0.32375370457430375 -1.7942562357293264 -1.586849592836748 -1.110042596349233 -1.4509343718939378 -1.3580711233988518 
-0.6597633926643505 -1.5103766102951939 -0.6861400070701715 -1.2963506544288763 -0.32375370457430375 -1.7942562357293264 -1.586849592836748 -1.110042596349233 -1.4509343718939378 -1.3580711233988518 
-0.6597633926643505 -1.5103766102951939 -0.6861400070701715 -1.2963506544288763 -0.32375370457430375 -1.7942562357293264 -1.586849592836748 -1.110042596349233 -1.4509343718939378 -1.3580711233988518 
-0.6597633926643505 -1.5103766102951939 -0.6861400070701715 -1.2963506544288763 -0.32375370457430375 -1.7942562357293264 -1.586849592836748 -1.110042596349233 -1.4509343718939378 -1.3580711233988518 
-0.6597633926643505 -1.5103766102951939 -0.6861400070701715 -1.2963506544288763 -0.32375370457430375 -1.7942562357293264 -1.586849592836748 -1.110042596349233 -1.4509343718939378 -1.3580711233988518 
-0.6597633926643505 -1.5103766102951939 -0.6861400070701715 -1.2963506544288763 -0.32375370457430375 -1.7942562357293264 -1.586849592836748 -1.110042596349233 -1.4509343718939378 -1.3580711233988518 
-0.6597633926643505 -1.5103766102951939 -0.6861400070701715 -1.2963506544288763 -0.32375370457430375 -1.7942562357293264 -1.586849592836748 -1.110042596349233 -1.4509343718939378 -1.3580711233988518 
-0.6597633926643505 -1.5103766102951939 -0.6861400070701715 -1.2963506544288763 -0.32375370457430375 -1.7942562357293264 -1.586849592836748 -1.110042596349233 -1.4509343718939378 -1.3580711233988518 
-0.6597633926643505 -1.5103766102951939 -0.6861400070701715 -1.2963506544288763 -0.32375370457430375 -1.7942562357293264 -1.586849592836748 -1.110042596349233 -1.4509343718939378 -1.3580711233988518 
-0.6597633926643505 -1.5103766102951939 -0.6861400070701715 -1.2963506544288763 -0.32375370457430375 -1.7942562357293264 -1.586849592836748 -1.110042596349233 -1.4509343718939378 -1.3580711233988518 
-0.6597633926643505 -1.5103766102951939 -0.6861400070701715 -1.2963506544288763 -0.32375370457430375 -1.7942562357293264 -1.586849592836748 -1.110042596349233 -1.4509343718939378 -1.3580711233988518 
-0.6597633926643505 -1.5103766102951939 -0.6861400070701715 -1.2963506544288763 -0.32375370457430375 -1.7942562357293264 -1.586849592836748 -1.110042596349233 -1.4509343718939378 -1.3580711233988518 
-0.6597633926643505 -1.5103766102951939 -0.6861400070701715 -1.2963506544288763 -0.3768508673743059 -1.7942562357293264 -1.586849592836748 -1.110042596349233 -1.4509343718939378 -1.3580711233988518 
-0.6597633926643505 -1.5103766102951939 -0.6861400070701715 -1.2963506544288763 -0.3768508673743059 -1.7942562357293264 -1.586849592836748 -1.110042596349233 -1.4509343718939378 -1.3580711233988518 
-0.6597633926643505 -1.5103766102951939 -0.6861400070701715 -1.2963506544288763 -0.3768508673743059 -1.7942562357293264 -1.586849592836748 -1.110042596349233 -1.4509343718939378 -1.3580711233988518 
-0.6597633926643505 -1.5103766102951939 -0.6861400070701715 -1.2963506544288763 -0.3768508673743059 -1.7942562357293264 -1.586849592836748 -1.110042596349233 -1.4509343718939378 -1.3580711233988518 
-0.6597633926643505 -1.5103766102951939 -0.6861400070701715 -1.2963506544288763 -0.3768508673743059 -1.7942562357293264 -1.586849592836748 -1.110042596349233 -1.4509343718939378 -1.3580711233988518 
-0.6597633926643505 -1.5103766102951939 -0.6861400070701715 -1.2963506544288763 -0.3768508673743059 -1.7942562357293264 -1.586849592836748 -1.110042596349233 -1.4509343718939378 -1.3580711233988518 
-0.6597633926643505 -1.5103766102951939 -0.6861400070701715 -1.2963506544288763 -0.3768508673743059 -1.7942562357293264 -1.586849592836748 -1.110042596349233 -1.4509343718939378 -1.3580711233988518 
-0.6597633926643505 -1.5103766102951939 -0.6861400070701715 -1.2963506544288763 -0.3768508673743059 -1.7942562357293264 -1.586849592836748 -1.110042596349233 -1.4509343718939378 -1.3580711233988518 
-0.6597633926643505 -1.5103766102951939 -0.6861400070701715 -1.2963506544288763 -0.3768508673743059 -1.7942562357293264 -1.586849592836748 -1.110042596349233 -1.4509343718939378 -1.3580711233988518 
-0.6597633926643505 -1.5103766102951939 -0.6861400070701715 -1.2963506544288763 -0.3768508673743059 -1.7942562357293264 -1.586849592836748 -1.110042596349233 -1.4509343718939378 -1.3580711233988518 
-0.6597633926643505 -1.5103766102951939 -0.6861400070701715 -1.2963506544288763 -0.3768508673743059 -1.7942562357293264 -1.586849592836748 -1.110042596349233 -1.4509343718939378 -1.3580711233988518 
-0.6597633926643505 -1.5103766102951939 -0.6861400070701715 -1.2963506544288763 -0.3768508673743059 -1.7942562357293264 -1.586849592836748 -1.110042596349233 -1.4509343718939378 -1.3580711233988518 
-0.6597633926643505 -1.5103766102951939 -0.6861400070701715 -1.2963506544288763 -0.3768508673743059 -1.7942562357293264 -1.586849592836748 -1.110042596349233 -1.4509343718939378 -1.3580711233988518 
-0.6597633926643505 -1.5103766102951939 -0.6861400070701715 -1.2963506544288763 -0.3768508673743059 -1.7942562357293264 -1.586849592836748 -1.110042596349233 -1.4509343718939378 -1.3580711233988518 
-0.6597633926643505 -1.5103766102951939 -0.6861400070701715 -1.2963506544288763 -0.3768508673743059 -1.7942562357293264 -1.586849592836748 -1.110042596349233 -1.4509343718939378 -1.3580711233988518 
-0.6597633926643505 -1.5103766102951939 -0.6861400070701715 -1.2963506544288763 -0.3768508673743059 -1.7942562357293264 -1.586849592836748 -1.110042596349233 -1.4509343718939378 -1.3580711233988518 
-0.8148293879411593 -1.5103766102951939 -0.6861400070701715 -1.2963506544288763 -0.3768508673743059 -1.7942562357293264 -1.586849592836748 -1.110042596349233 -1.4509343718939378 -1.3580711233988518 
-0.8148293879411593 -1.5103766102951939 -0.6861400070701715 -1.2963506544288763 -0.3768508673743059 -1.7942562357293264 -1.586849592836748 -1.110042596349233 -1.4509343718939378 -1.3580711233988518 
-0.8148293879411593 -1.5103766102951939 -0.6861400070701715 -1.2963506544288763 -0.3768508673743059 -1.7942562357293264 -1.586849592836748 -1.110042596349233 -1.4509343718939378 -1.3580711233988518 
-0.8148293879411593 -1.5103766102951939 -0.6861400070701715 -1.2963506544288763 -0.3768508673743059 -1.7942562357293264 -1.586849592836748 -1.110042596349233 -1.4509343718939378 -1.3580711233988518 
-0.8148293879411593 -1.5103766102951939 -0.6861400070701715 -1.2963506544288763 -0.3768508673743059 -1.7942562357293264 -1.586849592836748 -1.110042596349233 -1.4509343718939378 -1.3580711233988518 
-0.8148293879411593 -1.5103766102951939 -0.6861400070701715 -1.2963506544288763 -0.3768508673743059 -1.7942562357293264 -1.586849592836748 -1.110042596349233 -1.4509343718939378 -1.3580711233988518 
-0.8148293879411593 -1.5103766102951939 -0.6861400070701715 -1.2963506544288763 -0.3768508673743059 -1.7942562357293264 -1.586849592836748 -1.110042596349233 -1.4509343718939378 -1.3580711233988518 
-0.8148293879411593 -1.5103766102951939 -0.6861400070701715 -1.2963506544288763 -0.3768508673743059 -1.7942562357293264 -1.586849592836748 -1.110042596349233 -1.4509343718939378 -1.3580711233988518 
-0.8148293879411593 -1.5103766102951939 -0.6861400070701715 -1.2963506544288763 -0.3768508673743059 -1.7942562357293264 -1.586849592836748 -1.110042596349233 -1.4509343718939378 -1.3580711233988518 
-0.8148293879411593 -1.5103766102951939 -0.6861400070701715 -1.2963506544288763 -0.3768508673743059 -1.7942562357293264 -1.586849592836748 -1.110042596349233 -1.4509343718939378 -1.3580711233988518 
-0.8148293879411593 -1.5103766102951939 -0.6861400070701715 -1.2963506544288763 -0.3768508673743059 -1.7942562357293264 -1.586849592836748 -1.110042596349233 -1.4509343718939378 -1.3580711233988518 
-0.8148293879411593 -1.5103766102951939 -0.6861400070701715 -1.2963506544288763 -0.3768508673743059 -1.7942562357293264 -1.586849592836748 -1.110042596349233 -1.4509343718939378 -1.3580711233988518 
-0.8148293879411593 -1.5103766102951939 -0.6861400070701715 -1.2963506544288763 -0.3768508673743059 -1.7942562357293264 -1.586849592836748 -1.110042596349233 -1.4509343718939378 -1.3580711233988518 
-0.8148293879411593 -1.5103766102951939 -0.6861400070701715 -1.2963506544288763 -0.3768508673743059 -1.7942562357293264 -1.586849592836748 -1.110042596349233 -1.4509343718939378 -1.3580711233988518 
-0.8148293879411593 -1.5103766102951939 -0.6861400070701715 -1.2963506544288763 -0.3768508673743059 -1.7942562357293264 -1.586849592836748 -1.110042596349233 -1.4509343718939378 -1.3580711233988518 
-0.8148293879411593 -1.5103766102951939 -0.6861400070701715 -1.2963506544288763 -0.3768508673743059 -1.7942562357293264 -1.586849592836748 -1.110042596349233 -1.4509343718939378 -1.3580711233988518 
-0.8148293879411593 -1.5103766102951939 -0.6861400070701715 -1.2963506544288763 -0.3768508673743059 -1.7942562357293264 -1.586849592836748 -1.110042596349233 -1.4509343718939378 -1.3580711233988518 
-0.8148293879411593 -1.5103766102951939 -0.6861400070701715 -1.2963506544288763 -0.3768508673743059 -1.7942562357293264 -1.586849592836748 -1.110042596349233 -1.4509343718939378 -1.3580711233988518 
-0.8148293879411593 -1.5103766102951939 -0.6861400070701715 -1.2963506544288763 -0.3768508673743059 -1.7942562357293264 -1.586849592836748 -1.110042596349233 -1.4509343718939378 -1.3580711233988518 
-0.8148293879411593 -1.5103766102951939 -0.6861400070701715 -1.2963506544288763 -0.3768508673743059 -1.7942562357293264 -1.586849592836748 -1.110042596349233 -1.4509343718939378 -1.3580711233988518 
-0.8148293879411593 -1.5103766102951939 -0.6861400070701715 -1.2963506544288763 -0.3768508673743059 -1.7942562357293264 -1.586849592836748 -1.110042596349233 -1.4509343718939378 -1.3580711233988518 
-0.8148293879411593 -1.5103766102951939 -0.6861400070701715 -1.2963506544288763 -0.3768508673743059 -1.7942562357293264 -1.586849592836748 -1.110042596349233 -1.4509343718939378 -1.3580711233988518 
-0.8148293879411593 -1.5103766102951939 -0.6861400070701715 -1.2963506544288763 -0.3768508673743059 -1.7942562357293264 -1.586849592836748 -1.110042596349233 -1.4509343718939378 -1.3580711233988518 
-0.8148293879411593 -1.5103766102951939 -0.6861400070701715 -1.2963506544288763 -0.3768508673743059 -1.7942562357293264 -1.586849592836748 -1.110042596349233 -1.4509343718939378 -1.3580711233988518 
-0.8148293879411593 -1.5103766102951939 -0.6861400070701715 -1.2963506544288763 -0.3768508673743059 -1.7942562357293264 -2.0075866979713544 -1.110042596349233 -1.4509343718939378 -1.3580711233988518 
-0.8148293879411593 -1.5103766102951939 -0.6861400070701715 -1.2963506544288763 -0.3768508673743059 -1.7942562357293264 -2.0075866979713544 -1.110042596349233 -1.4509343718939378 -1.3580711233988518 
