0.761550480990443 1.0317567086572232 1.0220303168399913 0.28041811959128937 0.6927414584770168 1.1295794991520998 1.4760092986048892 0.9171443572634459 0.6189637426118364 1.05652011662231 
0.761550480990443 1.0317567086572232 1.0220303168399913 0.08953986021937398 0.6927414584770168 1.1295794991520998 1.1780846691361395 0.9011529838487758 0.6189637426118364 1.05652011662231 
0.761550480990443 0.6749514405249131 1.0220303168399913 0.08953986021937398 0.6927414584770168 1.1295794991520998 1.0131023191815838 0.8291379409261944 0.6189637426118364 0.923147401493756 
0.761550480990443 0.6749514405249131 0.6134674250520851 -0.16970427413168518 0.6927414584770168 0.9996707876925006 1.0131023191815838 -0.064998540059789 0.6189637426118364 0.7273427630279907 
0.7583989247995835 0.6749514405249131 0.6134674250520851 -1.3458953723755207 0.5440098298559259 0.9996707876925006 0.6289843086362249 -0.064998540059789 0.6189637426118364 0.7273427630279907 
0.7583989247995835 0.6749514405249131 0.6134674250520851 -1.3458953723755207 0.22146728409445282 0.9996707876925006 0.6289843086362249 -0.064998540059789 0.6189637426118364 0.5102675855452496 
0.7583989247995835 0.05033809608074141 -0.03710555421796802 -1.3458953723755207 0.22146728409445282 0.9996707876925006 0.6289843086362249 -0.064998540059789 0.6189637426118364 0.5102675855452496 
0.7583989247995835 0.05033809608074141 -0.03710555421796802 -1.3458953723755207 0.22146728409445282 0.9996707876925006 0.6289843086362249 -0.064998540059789 0.6189637426118364 0.5102675855452496 
-0.2071535567704813 0.05033809608074141 -0.03710555421796802 -1.3458953723755207 0.051508264224047584 0.9996707876925006 0.6289843086362249 -0.064998540059789 0.6189637426118364 0.3992653834761135 
-0.2071535567704813 0.05033809608074141 -0.03710555421796802 -1.3458953723755207 0.051508264224047584 0.9825238596290972 0.6289843086362249 -0.064998540059789 0.6189637426118364 0.3992653834761135 
-0.2071535567704813 0.05033809608074141 -0.03710555421796802 -1.3458953723755207 0.051508264224047584 0.7033365827209026 0.6289843086362249 -0.064998540059789 0.6189637426118364 0.3899516898602708 
-0.2071535567704813 0.05033809608074141 -0.03710555421796802 -1.3458953723755207 0.051508264224047584 0.7033365827209026 0.4773362607592985 -0.064998540059789 0.6189637426118364 0.19997933919861988 
-0.2071535567704813 0.05033809608074141 -0.03710555421796802 -1.3458953723755207 0.051508264224047584 0.7033365827209026 0.4773362607592985 -0.064998540059789 0.6189637426118364 0.19997933919861988 
-0.2071535567704813 0.05033809608074141 -0.03710555421796802 -1.3458953723755207 0.051508264224047584 0.7033365827209026 0.4773362607592985 -0.064998540059789 0.6189637426118364 0.19997933919861988 
-0.2071535567704813 0.05033809608074141 -0.03710555421796802 -1.3458953723755207 0.051508264224047584 0.12130745460138781 0.4773362607592985 -0.064998540059789 0.6189637426118364 0.19997933919861988 
-0.2071535567704813 -0.4248635163419474 -0.03710555421796802 -1.3458953723755207 0.051508264224047584 0.12130745460138781 0.4773362607592985 -0.064998540059789 0.6189637426118364 0.19997933919861988 
-0.2071535567704813 -0.4248635163419474 -0.03710555421796802 -1.3458953723755207 0.051508264224047584 0.12130745460138781 0.4773362607592985 -1.4029157453140089 0.6189637426118364 0.19997933919861988 
-0.2163053073519129 -0.4248635163419474 -0.03710555421796802 -1.3458953723755207 0.051508264224047584 0.12130745460138781 0.4773362607592985 -1.4029157453140089 0.6189637426118364 0.19997933919861988 
-0.2163053073519129 -0.4248635163419474 -0.03710555421796802 -1.3458953723755207 0.051508264224047584 0.12130745460138781 0.3625897915000054 -1.4029157453140089 -0.02275378353402646 0.19997933919861988 
-0.2163053073519129 -0.4248635163419474 -0.03710555421796802 -1.3458953723755207 0.051508264224047584 0.12130745460138781 0.3625897915000054 -1.4029157453140089 -0.02275378353402646 0.09682915009592911 
-0.2163053073519129 -0.4248635163419474 -0.03710555421796802 -1.3458953723755207 0.051508264224047584 0.12130745460138781 0.3625897915000054 -1.4029157453140089 -0.02275378353402646 0.09682915009592911 
-0.2163053073519129 -0.4248635163419474 -1.14932955440414 -1.3458953723755207 0.051508264224047584 0.08123838615866513 0.3625897915000054 -1.4029157453140089 -0.02275378353402646 0.09682915009592911 
-0.2163053073519129 -0.4248635163419474 -1.14932955440414 -1.3458953723755207 0.051508264224047584 0.08123838615866513 0.3625897915000054 -1.4029157453140089 -0.02275378353402646 0.09682915009592911 
-0.2163053073519129 -0.4248635163419474 -1.14932955440414 -1.3458953723755207 0.051508264224047584 0.08123838615866513 0.3625897915000054 -1.4029157453140089 -0.02275378353402646 0.09682915009592911 
-0.2163053073519129 -0.4248635163419474 -1.14932955440414 -1.3458953723755207 0.051508264224047584 0.08123838615866513 0.06843451993604116 -1.4029157453140089 -0.02275378353402646 0.09682915009592911 
-0.2625442439241573 -0.4248635163419474 -1.14932955440414 -1.3458953723755207 0.051508264224047584 0.08123838615866513 0.06843451993604116 -1.4029157453140089 -0.02275378353402646 -0.09660874887065607 
-0.2625442439241573 -0.4248635163419474 -1.14932955440414 -1.3458953723755207 0.051508264224047584 0.08123838615866513 0.06843451993604116 -1.4029157453140089 -0.02275378353402646 -0.09660874887065607 
-0.2625442439241573 -0.4248635163419474 -1.14932955440414 -1.3458953723755207 0.051508264224047584 0.08123838615866513 0.06843451993604116 -1.4029157453140089 -0.02275378353402646 -0.09660874887065607 
-0.2625442439241573 -0.4248635163419474 -1.14932955440414 -1.3458953723755207 0.051508264224047584 0.08123838615866513 0.06843451993604116 -1.4029157453140089 -0.02275378353402646 -0.09660874887065607 
-0.2625442439241573 -0.4248635163419474 -1.14932955440414 -1.3458953723755207 0.051508264224047584 0.08123838615866513 0.06843451993604116 -1.4029157453140089 -0.02275378353402646 -0.09660874887065607 
-0.2625442439241573 -0.4248635163419474 -1.14932955440414 -1.3458953723755207 0.051508264224047584 0.08123838615866513 0.06843451993604116 -1.4029157453140089 -0.02275378353402646 -0.19599340026468814 
-0.2625442439241573 -0.4248635163419474 -1.14932955440414 -1.3458953723755207 0.051508264224047584 0.08123838615866513 0.06843451993604116 -1.4029157453140089 -0.02275378353402646 -0.19599340026468814 
-0.2625442439241573 -0.4248635163419474 -1.14932955440414 -1.3458953723755207 0.051508264224047584 0.08123838615866513 0.06843451993604116 -1.4029157453140089 -0.02275378353402646 -0.19599340026468814 
-0.2625442439241573 -0.4248635163419474 -1.14932955440414 -1.3458953723755207 0.051508264224047584 0.08123838615866513 0.06843451993604116 -1.4029157453140089 -0.02275378353402646 -0.19599340026468814 
-0.2625442439241573 -0.4248635163419474 -1.14932955440414 -1.3458953723755207 0.051508264224047584 0.08123838615866513 0.06843451993604116 -1.4029157453140089 -0.02275378353402646 -0.5810049752483695 
-0.2625442439241573 -0.4248635163419474 -1.14932955440414 -1.3458953723755207 0.051508264224047584 0.08123838615866513 0.06843451993604116 -1.4029157453140089 -0.02275378353402646 -0.5810049752483695 
-0.2625442439241573 -0.4248635163419474 -1.14932955440414 -1.3458953723755207 0.051508264224047584 0.08123838615866513 0.06843451993604116 -1.4029157453140089 -0.02275378353402646 -0.5810049752483695 
-0.2625442439241573 -0.4248635163419474 -1.14932955440414 -1.3458953723755207 -0.3296921556217273 0.08123838615866513 0.06843451993604116 -1.4029157453140089 -0.02275378353402646 -0.5810049752483695 
-0.2625442439241573 -0.4248635163419474 -1.14932955440414 -1.3458953723755207 -0.3296921556217273 0.08123838615866513 0.06843451993604116 -1.4029157453140089 -0.02275378353402646 -0.5810049752483695 
-0.2625442439241573 -0.4248635163419474 -1.14932955440414 -1.3458953723755207 -0.3296921556217273 0.08123838615866513 0.06843451993604116 -1.4029157453140089 -0.02275378353402646 -0.5810049752483695 
-0.2625442439241573 -0.4248635163419474 -1.14932955440414 -1.3458953723755207 -0.3296921556217273 0.08123838615866513 0.06843451993604116 -1.4029157453140089 -0.02275378353402646 -0.5810049752483695 
-0.2625442439241573 -0.4248635163419474 -1.14932955440414 -1.3458953723755207 -0.3296921556217273 0.08123838615866513 0.06843451993604116 -1.4029157453140089 -0.02275378353402646 -0.5810049752483695 
-0.2625442439241573 -0.4248635163419474 -1.14932955440414 -1.3458953723755207 -0.3296921556217273 0.08123838615866513 0.06843451993604116 -1.4029157453140089 -0.02275378353402646 -0.5810049752483695 
-0.2625442439241573 -0.4248635163419474 -1.14932955440414 -1.3458953723755207 -0.3296921556217273 0.08123838615866513 0.06843451993604116 -1.4029157453140089 -0.02275378353402646 -0.5810049752483695 
-0.2625442439241573 -0.4248635163419474 -1.14932955440414 -1.3458953723755207 -0.3296921556217273 0.08123838615866513 0.06843451993604116 -1.4029157453140089 -0.02275378353402646 -0.5810049752483695 
-0.2625442439241573 -0.4248635163419474 -1.14932955440414 -1.3458953723755207 -0.3296921556217273 0.08123838615866513 0.06843451993604116 -1.4029157453140089 -0.02275378353402646 -0.5810049752483695 
-0.2625442439241573 -0.4248635163419474 -1.14932955440414 -1.4035162858985057 -0.3296921556217273 0.08123838615866513 0.06843451993604116 -1.4029157453140089 -0.02275378353402646 -0.5810049752483695 
-0.2625442439241573 -0.4248635163419474 -1.14932955440414 -1.4035162858985057 -0.3296921556217273 0.08123838615866513 0.06843451993604116 -1.4029157453140089 -0.02275378353402646 -0.5810049752483695 
-0.2625442439241573 -0.4248635163419474 -1.14932955440414 -1.4035162858985057 -0.3296921556217273 0.08123838615866513 0.06843451993604116 -1.4029157453140089 -0.02275378353402646 -0.5810049752483695 
-0.2625442439241573 -0.4248635163419474 -1.14932955440414 -1.4035162858985057 -0.3296921556217273 0.08123838615866513 0.06843451993604116 -1.4029157453140089 -0.02275378353402646 -0.5810049752483695 
-0.2625442439241573 -0.4248635163419474 -1.14932955440414 -1.4035162858985057 -0.3296921556217273 0.004232561320283601 0.06843451993604116 -1.4029157453140089 -0.02275378353402646 -0.5810049752483695 
-0.9615861486798689 -0.4248635163419474 -1.14932955440414 -1.4035162858985057 -0.3296921556217273 0.004232561320283601 0.06843451993604116 -1.4029157453140089 -0.02275378353402646 -0.5810049752483695 
-0.9615861486798689 -0.4248635163419474 -1.14932955440414 -1.4035162858985057 -0.3296921556217273 0.004232561320283601 0.06843451993604116 -1.4029157453140089 -0.02275378353402646 -0.5810049752483695 
-0.9615861486798689 -0.4248635163419474 -1.14932955440414 -1.4035162858985057 -0.3296921556217273 0.004232561320283601 0.06843451993604116 -1.4029157453140089 -0.02275378353402646 -0.5810049752483695 
-0.9615861486798689 -0.4248635163419474 -1.14932955440414 -1.4035162858985057 -0.3296921556217273 0.004232561320283601 0.06843451993604116 -1.4029157453140089 -0.02275378353402646 -0.9588915694069066 
-0.9615861486798689 -0.4248635163419474 -1.14932955440414 -1.4035162858985057 -0.3296921556217273 0.004232561320283601 0.06843451993604116 -1.4029157453140089 -0.02275378353402646 -0.9588915694069066 
-0.9615861486798689 -0.4248635163419474 -1.14932955440414 -1.4035162858985057 -0.3296921556217273 0.004232561320283601 0.06843451993604116 -1.4029157453140089 -0.02275378353402646 -0.9588915694069066 
-0.9615861486798689 -0.4248635163419474 -1.14932955440414 -1.4035162858985057 -0.3296921556217273 0.004232561320283601 0.06843451993604116 -1.4029157453140089 -0.02275378353402646 -0.9588915694069066 
-0.9615861486798689 -0.4248635163419474 -1.14932955440414 -1.4035162858985057 -0.3296921556217273 0.004232561320283601 0.06843451993604116 -1.4029157453140089 -0.02275378353402646 -0.9588915694069066 
-0.9615861486798689 -0.4248635163419474 -1.14932955440414 -1.4035162858985057 -0.3296921556217273 0.004232561320283601 0.06843451993604116 -1.4029157453140089 -0.02275378353402646 -0.9588915694069066 
-0.9615861486798689 -0.4248635163419474 -1.14932955440414 -1.4035162858985057 -0.3296921556217273 -0.14803574351851567 0.06843451993604116 -1.4029157453140089 -0.02275378353402646 -0.9588915694069066 
-0.9615861486798689 -0.4248635163419474 -1.14932955440414 -1.4035162858985057 -0.3296921556217273 -0.14803574351851567 0.06843451993604116 -1.4029157453140089 -0.02275378353402646 -0.9588915694069066 
-0.9615861486798689 -0.4248635163419474 -1.14932955440414 -1.4035162858985057 -0.3296921556217273 -0.14803574351851567 0.06843451993604116 -1.4029157453140089 -0.02275378353402646 -0.9588915694069066 
-0.9615861486798689 -0.4248635163419474 -1.14932955440414 -1.4035162858985057 -0.3296921556217273 -0.14803574351851567 0.06843451993604116 -1.4029157453140089 -0.02275378353402646 -0.9588915694069066 
-0.9615861486798689 -0.4248635163419474 -1.14932955440414 -1.4035162858985057 -0.3296921556217273 -0.14803574351851567 0.06843451993604116 -1.4029157453140089 -0.02275378353402646 -0.9588915694069066 
-0.9615861486798689 -0.4248635163419474 -1.14932955440414 -1.4035162858985057 -0.3296921556217273 -0.14803574351851567 0.06843451993604116 -1.4029157453140089 -0.02275378353402646 -0.9588915694069066 
-0.9615861486798689 -0.4248635163419474 -1.14932955440414 -1.4035162858985057 -0.3296921556217273 -0.14803574351851567 0.057493839864846685 -1.4029157453140089 -0.02275378353402646 -0.9588915694069066 
-0.9615861486798689 -0.4248635163419474 -1.14932955440414 -1.4035162858985057 -0.3296921556217273 -0.14803574351851567 0.057493839864846685 -1.4029157453140089 -0.02275378353402646 -0.9896867097567503 
-0.9615861486798689 -0.4248635163419474 -1.14932955440414 -1.601946713307188 -0.3296921556217273 -0.14803574351851567 0.057493839864846685 -1.4029157453140089 -0.02275378353402646 -0.9896867097567503 
-0.9615861486798689 -0.4248635163419474 -1.14932955440414 -1.601946713307188 -0.3296921556217273 -0.14803574351851567 0.057493839864846685 -1.4029157453140089 -0.02275378353402646 -0.9896867097567503 
-0.9615861486798689 -0.4248635163419474 -1.14932955440414 -1.601946713307188 -0.3296921556217273 -0.14803574351851567 0.057493839864846685 -1.4029157453140089 -0.02275378353402646 -0.9896867097567503 
-0.9615861486798689 -0.4248635163419474 -1.14932955440414 -1.601946713307188 -0.3296921556217273 -0.14803574351851567 0.057493839864846685 -1.4029157453140089 -0.2003307848500635 -0.9896867097567503 
-0.9615861486798689 -0.4248635163419474 -1.14932955440414 -1.601946713307188 -0.3296921556217273 -0.14803574351851567 0.057493839864846685 -1.4029157453140089 -0.2003307848500635 -0.9896867097567503 
-0.9615861486798689 -0.4248635163419474 -1.14932955440414 -1.601946713307188 -0.3296921556217273 -0.14803574351851567 0.057493839864846685 -1.4029157453140089 -0.2003307848500635 -0.9896867097567503 
-0.9615861486798689 -0.4248635163419474 -1.14932955440414 -1.601946713307188 -0.3296921556217273 -0.14803574351851567 0.057493839864846685 -1.4029157453140089 -0.2003307848500635 -0.9896867097567503 
-0.9615861486798689 -0.4248635163419474 -1.14932955440414 -1.601946713307188 -0.3296921556217273 -0.14803574351851567 0.057493839864846685 -1.4029157453140089 -0.2003307848500635 -0.9896867097567503 
-0.9615861486798689 -0.4248635163419474 -1.14932955440414 -1.601946713307188 -0.3296921556217273 -0.14803574351851567 0.057493839864846685 -1.5095547957893933 -0.2003307848500635 -0.9896867097567503 
-0.9615861486798689 -0.4248635163419474 -1.14932955440414 -1.601946713307188 -0.3296921556217273 -0.14803574351851567 0.057493839864846685 -1.5095547957893933 -0.2003307848500635 -0.9896867097567503 
-1.0577357777992364 -0.4248635163419474 -1.14932955440414 -1.601946713307188 -0.3296921556217273 -0.14803574351851567 0.057493839864846685 -1.5095547957893933 -0.2003307848500635 -0.9896867097567503 
-1.0577357777992364 -0.4248635163419474 -1.14932955440414 -1.601946713307188 -0.3296921556217273 -0.14803574351851567 0.057493839864846685 -1.5095547957893933 -0.2003307848500635 -0.9896867097567503 
-1.0577357777992364 -0.4248635163419474 -1.14932955440414 -1.601946713307188 -0.3296921556217273 -0.14803574351851567 0.057493839864846685 -1.5095547957893933 -0.2003307848500635 -0.9896867097567503 
-1.0577357777992364 -0.4248635163419474 -1.14932955440414 -1.601946713307188 -0.3296921556217273 -0.14803574351851567 0.057493839864846685 -1.5095547957893933 -0.2003307848500635 -0.9896867097567503 
-1.0577357777992364 -0.4248635163419474 -1.14932955440414 -1.601946713307188 -0.3296921556217273 -0.14803574351851567 0.057493839864846685 -1.5095547957893933 -0.2003307848500635 -0.9896867097567503 
-1.0577357777992364 -0.4248635163419474 -1.14932955440414 -1.601946713307188 -0.3296921556217273 -0.14803574351851567 0.057493839864846685 -1.5095547957893933 -0.2003307848500635 -0.9896867097567503 
-1.0577357777992364 -0.4248635163419474 -1.14932955440414 -1.601946713307188 -0.3296921556217273 -0.14803574351851567 0.057493839864846685 -1.5095547957893933 -0.2003307848500635 -0.9896867097567503 
-1.0577357777992364 -0.4248635163419474 -1.14932955440414 -1.601946713307188 -0.3296921556217273 -0.14803574351851567 0.057493839864846685 -1.5095547957893933 -0.2003307848500635 -0.9896867097567503 
-1.0577357777992364 -0.4248635163419474 -1.14932955440414 -1.601946713307188 -0.3296921556217273 -0.14803574351851567 0.057493839864846685 -1.5095547957893933 -0.2003307848500635 -0.9896867097567503 
-1.0577357777992364 -0.4248635163419474 -1.14932955440414 -1.601946713307188 -0.3296921556217273 -0.14803574351851567 0.057493839864846685 -1.5095547957893933 -0.2003307848500635 -0.9896867097567503 
-1.0577357777992364 -0.4248635163419474 -1.14932955440414 -1.601946713307188 -0.3296921556217273 -0.14803574351851567 0.057493839864846685 -1.5095547957893933 -0.2003307848500635 -0.9896867097567503 
-1.0577357777992364 -0.4248635163419474 -1.14932955440414 -1.601946713307188 -0.3296921556217273 -0.14803574351851567 0.057493839864846685 -1.5095547957893933 -0.2003307848500635 -0.9896867097567503 
-1.0577357777992364 -0.4248635163419474 -1.14932955440414 -1.601946713307188 -0.3296921556217273 -0.14803574351851567 0.057493839864846685 -1.5095547957893933 -0.2003307848500635 -0.9896867097567503 
-1.0577357777992364 -0.4248635163419474 -1.14932955440414 -1.601946713307188 -0.3296921556217273 -0.14803574351851567 0.057493839864846685 -2.1150799692396802 -0.2003307848500635 -0.9896867097567503 
-1.0577357777992364 -0.4248635163419474 -1.14932955440414 -1.601946713307188 -0.3296921556217273 -0.14803574351851567 0.057493839864846685 -2.1150799692396802 -0.2003307848500635 -0.9896867097567503 
-1.0577357777992364 -0.4248635163419474 -1.14932955440414 -1.601946713307188 -0.3296921556217273 -0.14803574351851567 0.057493839864846685 -2.1150799692396802 -0.2003307848500635 -0.9896867097567503 
-1.0577357777992364 -0.4248635163419474 -1.14932955440414 -1.601946713307188 -0.3296921556217273 -0.14803574351851567 0.057493839864846685 -2.1150799692396802 -0.2003307848500635 -0.9896867097567503 
-1.0577357777992364 -0.4248635163419474 -1.14932955440414 -1.601946713307188 -0.3296921556217273 -0.14803574351851567 0.057493839864846685 -2.1150799692396802 -0.2003307848500635 -0.9896867097567503 
-1.0577357777992364 -0.4248635163419474 -1.14932955440414 -1.601946713307188 -0.3296921556217273 -0.14803574351851567 0.057493839864846685 -2.1150799692396802 -0.2003307848500635 -0.9896867097567503 
-1.0577357777992364 -0.4248635163419474 -1.14932955440414 -1.601946713307188 -0.3296921556217273 -0.14803574351851567 0.057493839864846685 -2.1150799692396802 -0.2003307848500635 -0.9896867097567503 
-1.0577357777992364 -0.4248635163419474 -1.14932955440414 -1.601946713307188 -0.3296921556217273 -0.14803574351851567 0.057493839864846685 -2.1150799692396802 -0.2003307848500635 -0.9896867097567503 
-1.0577357777992364 -0.4248635163419474 -1.14932955440414 -1.601946713307188 -0.3296921556217273 -0.14803574351851567 0.057493839864846685 -2.1150799692396802 -0.2003307848500635 -0.9896867097567503 
-1.0577357777992364 -0.6722735906018114 -1.14932955440414 -1.601946713307188 -0.3296921556217273 -0.14803574351851567 0.057493839864846685 -2.1150799692396802 -0.2003307848500635 -0.9896867097567503 
-1.0577357777992364 -0.6722735906018114 -1.14932955440414 -1.601946713307188 -0.3296921556217273 -0.14803574351851567 0.057493839864846685 -2.1150799692396802 -0.2003307848500635 -0.9896867097567503 
-1.0577357777992364 -0.6722735906018114 -1.14932955440414 -1.601946713307188 -0.3296921556217273 -0.14803574351851567 0.057493839864846685 -2.1150799692396802 -0.2003307848500635 -0.9896867097567503 
-1.0577357777992364 -0.6722735906018114 -1.14932955440414 -1.601946713307188 -0.3296921556217273 -0.14803574351851567 0.057493839864846685 -2.1150799692396802 -0.2003307848500635 -0.9896867097567503 
-1.0577357777992364 -0.6722735906018114 -1.14932955440414 -1.601946713307188 -0.3296921556217273 -0.14803574351851567 0.057493839864846685 -2.1150799692396802 -0.2003307848500635 -0.9896867097567503 
-1.0577357777992364 -0.6722735906018114 -1.14932955440414 -1.601946713307188 -0.3296921556217273 -0.14803574351851567 0.057493839864846685 -2.1150799692396802 -0.2003307848500635 -2.0529610495186925 
-1.0577357777992364 -0.6722735906018114 -1.14932955440414 -1.601946713307188 -0.3296921556217273 -0.14803574351851567 0.057493839864846685 -2.1150799692396802 -0.2003307848500635 -2.0529610495186925 
-1.0577357777992364 -0.6722735906018114 -1.14932955440414 -1.601946713307188 -0.3296921556217273 -0.14803574351851567 0.057493839864846685 -2.1150799692396802 -0.2003307848500635 -2.0529610495186925 
-1.0577357777992364 -0.6722735906018114 -1.14932955440414 -1.601946713307188 -0.3296921556217273 -0.14803574351851567 0.057493839864846685 -2.1150799692396802 -0.2003307848500635 -2.0529610495186925 
-1.0577357777992364 -0.6722735906018114 -1.14932955440414 -1.601946713307188 -0.3296921556217273 -0.14803574351851567 0.057493839864846685 -2.1150799692396802 -0.2003307848500635 -2.0529610495186925 
-1.0577357777992364 -0.6722735906018114 -1.14932955440414 -1.601946713307188 -0.3296921556217273 -0.14803574351851567 0.057493839864846685 -2.1150799692396802 -0.2003307848500635 -2.0529610495186925 
-1.0577357777992364 -0.6722735906018114 -1.14932955440414 -1.601946713307188 -0.3296921556217273 -0.14803574351851567 0.057493839864846685 -2.1150799692396802 -0.2003307848500635 -2.0529610495186925 
-1.0577357777992364 -0.6722735906018114 -1.14932955440414 -1.601946713307188 -0.3296921556217273 -0.14803574351851567 0.057493839864846685 -2.1150799692396802 -0.2003307848500635 -2.0529610495186925 
-1.0577357777992364 -0.6722735906018114 -1.14932955440414 -1.601946713307188 -0.3296921556217273 -0.14803574351851567 0.057493839864846685 -2.1150799692396802 -0.2003307848500635 -2.0529610495186925 
-1.0577357777992364 -0.6722735906018114 -1.14932955440414 -1.601946713307188 -0.3296921556217273 -0.14803574351851567 0.057493839864846685 -2.1150799692396802 -0.2003307848500635 -2.0529610495186925 
-1.0577357777992364 -0.6722735906018114 -1.14932955440414 -1.601946713307188 -0.3296921556217273 -0.14803574351851567 0.057493839864846685 -2.1150799692396802 -0.2003307848500635 -2.0529610495186925 
-1.0577357777992364 -0.6722735906018114 -1.14932955440414 -1.601946713307188 -0.3296921556217273 -0.14803574351851567 0.057493839864846685 -2.1150799692396802 -0.2003307848500635 -2.0529610495186925 
-1.0577357777992364 -0.6722735906018114 -1.14932955440414 -1.601946713307188 -0.3296921556217273 -0.14803574351851567 0.057493839864846685 -2.1150799692396802 -0.2003307848500635 -2.0529610495186925 
-1.0577357777992364 -0.6722735906018114 -1.14932955440414 -1.601946713307188 -0.3296921556217273 -0.14803574351851567 0.057493839864846685 -2.1150799692396802 -0.2003307848500635 -2.0529610495186925 
-1.0577357777992364 -0.6722735906018114 -1.14932955440414 -1.601946713307188 -0.3296921556217273 -0.14803574351851567 0.057493839864846685 -2.1150799692396802 -0.2003307848500635 -2.0529610495186925 
-1.0577357777992364 -0.6722735906018114 -1.14932955440414 -1.601946713307188 -0.3296921556217273 -0.14803574351851567 -0.00556403690252999 -2.1150799692396802 -0.2003307848500635 -2.0529610495186925 
-1.0577357777992364 -0.6722735906018114 -1.14932955440414 -1.601946713307188 -0.3296921556217273 -0.5335148366380492 -0.00556403690252999 -2.1150799692396802 -0.2003307848500635 -2.0529610495186925 
-1.3794434149876076 -0.6722735906018114 -1.14932955440414 -1.601946713307188 -0.3296921556217273 -0.5335148366380492 -0.00556403690252999 -2.1150799692396802 -0.2003307848500635 -2.0529610495186925 
-1.3794434149876076 -0.6722735906018114 -1.14932955440414 -1.601946713307188 -0.3296921556217273 -0.5335148366380492 -0.00556403690252999 -2.1150799692396802 -0.2003307848500635 -2.0529610495186925 
-1.3794434149876076 -0.6722735906018114 -1.14932955440414 -1.601946713307188 -0.3296921556217273 -0.5335148366380492 -0.00556403690252999 -2.1150799692396802 -0.2003307848500635 -2.0529610495186925 
-1.3794434149876076 -0.6722735906018114 -1.14932955440414 -1.601946713307188 -0.3296921556217273 -0.5335148366380492 -0.00556403690252999 -2.1150799692396802 -0.2003307848500635 -2.0529610495186925 
-1.3794434149876076 -0.6722735906018114 -1.14932955440414 -1.601946713307188 -0.3296921556217273 -0.5335148366380492 -0.00556403690252999 -2.1150799692396802 -0.2003307848500635 -2.0529610495186925 
-1.3794434149876076 -0.6722735906018114 -1.14932955440414 -1.601946713307188 -0.3296921556217273 -0.5335148366380492 -0.00556403690252999 -2.1150799692396802 -0.2003307848500635 -2.0529610495186925 
-1.3794434149876076 -0.6722735906018114 -1.14932955440414 -1.601946713307188 -0.3296921556217273 -0.5335148366380492 -0.00556403690252999 -2.1150799692396802 -0.2003307848500635 -2.0529610495186925 
-1.3794434149876076 -0.6722735906018114 -1.14932955440414 -1.601946713307188 -0.3296921556217273 -0.5335148366380492 -0.00556403690252999 -2.1150799692396802 -0.2003307848500635 -2.0529610495186925 
-1.3794434149876076 -0.6722735906018114 -1.14932955440414 -1.601946713307188 -0.3296921556217273 -0.5335148366380492 -0.00556403690252999 -2.1150799692396802 -0.2003307848500635 -2.0529610495186925 
-1.3794434149876076 -0.6722735906018114 -1.14932955440414 -1.601946713307188 -0.3296921556217273 -0.5335148366380492 -0.00556403690252999 -2.1150799692396802 -0.2003307848500635 -2.0529610495186925 
-1.3794434149876076 -0.6722735906018114 -1.14932955440414 -1.601946713307188 -0.3296921556217273 -0.5335148366380492 -0.00556403690252999 -2.1150799692396802 -0.2003307848500635 -2.0529610495186925 
-1.3794434149876076 -0.6722735906018114 -1.14932955440414 -1.601946713307188 -0.3296921556217273 -0.5335148366380492 -0.00556403690252999 -2.1150799692396802 -0.2003307848500635 -2.0529610495186925 
-1.3794434149876076 -0.6722735906018114 -1.14932955440414 -1.601946713307188 -0.3296921556217273 -0.5335148366380492 -0.00556403690252999 -2.1150799692396802 -0.2003307848500635 -2.0529610495186925 
-1.3794434149876076 -0.6722735906018114 -1.14932955440414 -1.601946713307188 -0.3296921556217273 -0.5335148366380492 -0.00556403690252999 -2.1150799692396802 -0.2003307848500635 -2.0529610495186925 
-1.3794434149876076 -0.6722735906018114 -1.14932955440414 -1.601946713307188 -0.3296921556217273 -0.5335148366380492 -0.00556403690252999 -2.1150799692396802 -0.2003307848500635 -2.0529610495186925 
-1.3794434149876076 -0.6722735906018114 -1.14932955440414 -1.601946713307188 -0.3296921556217273 -0.5335148366380492 -0.00556403690252999 -2.1150799692396802 -0.23384018715194255 -2.0529610495186925 
-1.3794434149876076 -0.6722735906018114 -1.14932955440414 -1.601946713307188 -0.3296921556217273 -0.5335148366380492 -0.00556403690252999 -2.1150799692396802 -0.23384018715194255 -2.0529610495186925 
-1.3794434149876076 -0.6722735906018114 -1.14932955440414 -1.601946713307188 -0.3296921556217273 -0.5335148366380492 -0.00556403690252999 -2.1150799692396802 -0.23384018715194255 -2.0529610495186925 
-1.3794434149876076 -0.6722735906018114 -1.14932955440414 -1.601946713307188 -0.3296921556217273 -0.5335148366380492 -0.00556403690252999 -2.1150799692396802 -0.23384018715194255 -2.0529610495186925 
-1.3794434149876076 -0.6722735906018114 -1.14932955440414 -1.601946713307188 -0.3296921556217273 -0.5335148366380492 -0.00556403690252999 -2.1150799692396802 -0.23384018715194255 -2.0529610495186925 
-1.3794434149876076 -0.6722735906018114 -1.14932955440414 -1.601946713307188 -0.3296921556217273 -0.5335148366380492 -0.00556403690252999 -2.1150799692396802 -0.23384018715194255 -2.0529610495186925 
-1.3794434149876076 -0.6722735906018114 -1.14932955440414 -1.601946713307188 -0.3296921556217273 -0.5335148366380492 -0.00556403690252999 -2.1150799692396802 -0.8833270202280107 -2.0529610495186925 
-1.3794434149876076 -0.6722735906018114 -1.14932955440414 -1.601946713307188 -0.3296921556217273 -0.5335148366380492 -0.00556403690252999 -2.1150799692396802 -0.8833270202280107 -2.0529610495186925 
-1.3794434149876076 -0.6722735906018114 -1.14932955440414 -1.601946713307188 -0.6341486525180362 -0.5335148366380492 -0.00556403690252999 -2.1150799692396802 -0.8833270202280107 -2.0529610495186925 
-1.3794434149876076 -0.6722735906018114 -1.14932955440414 -1.601946713307188 -0.6341486525180362 -0.5335148366380492 -0.00556403690252999 -2.1150799692396802 -0.8833270202280107 -2.0529610495186925 
-1.3794434149876076 -0.6722735906018114 -1.14932955440414 -1.601946713307188 -0.6341486525180362 -0.5335148366380492 -0.00556403690252999 -2.1150799692396802 -0.8833270202280107 -2.0529610495186925 
-1.3794434149876076 -0.6722735906018114 -1.14932955440414 -1.601946713307188 -0.6341486525180362 -0.5335148366380492 -0.00556403690252999 -2.1150799692396802 -0.8833270202280107 -2.0529610495186925 
-1.3794434149876076 -0.6722735906018114 -1.14932955440414 -1.601946713307188 -0.6341486525180362 -0.5335148366380492 -0.00556403690252999 -2.1150799692396802 -0.8833270202280107 -2.0529610495186925 
-1.3794434149876076 -0.6722735906018114 -1.14932955440414 -1.601946713307188 -0.6341486525180362 -0.5335148366380492 -0.00556403690252999 -2.1150799692396802 -0.8833270202280107 -2.0529610495186925 
-1.3794434149876076 -0.6722735906018114 -1.14932955440414 -1.601946713307188 -0.6341486525180362 -0.5335148366380492 -0.00556403690252999 -2.1150799692396802 -0.8833270202280107 -2.0529610495186925 
-1.3794434149876076 -0.6722735906018114 -1.14932955440414 -1.601946713307188 -0.6341486525180362 -0.5335148366380492 -0.09985683836415082 -2.1150799692396802 -0.8833270202280107 -2.0529610495186925 
-1.3794434149876076 -0.6722735906018114 -1.14932955440414 -1.601946713307188 -0.6341486525180362 -0.5335148366380492 -0.09985683836415082 -2.1150799692396802 -0.8833270202280107 -2.0529610495186925 
-1.3794434149876076 -0.6722735906018114 -1.14932955440414 -1.601946713307188 -0.6341486525180362 -0.5335148366380492 -0.09985683836415082 -2.1150799692396802 -0.8833270202280107 -2.0529610495186925 
-1.3794434149876076 -0.6722735906018114 -1.14932955440414 -1.601946713307188 -0.6341486525180362 -0.5335148366380492 -0.09985683836415082 -2.1150799692396802 -0.8833270202280107 -2.0529610495186925 
-1.3794434149876076 -0.6722735906018114 -1.14932955440414 -1.601946713307188 -0.6341486525180362 -0.5335148366380492 -0.09985683836415082 -2.1150799692396802 -0.8833270202280107 -2.0529610495186925 
-1.3794434149876076 -0.6722735906018114 -1.14932955440414 -1.601946713307188 -0.6341486525180362 -0.5335148366380492 -0.09985683836415082 -2.1150799692396802 -0.8833270202280107 -2.0529610495186925 
-1.3794434149876076 -0.6722735906018114 -1.14932955440414 -1.601946713307188 -0.6341486525180362 -0.5335148366380492 -0.09985683836415082 -2.1150799692396802 -0.8833270202280107 -2.0529610495186925 
-1.3794434149876076 -0.6722735906018114 -1.14932955440414 -1.601946713307188 -0.6341486525180362 -0.5335148366380492 -0.09985683836415082 -2.1150799692396802 -0.8833270202280107 -2.0529610495186925 
-1.3794434149876076 -0.6722735906018114 -1.14932955440414 -1.601946713307188 -0.6341486525180362 -0.5335148366380492 -0.09985683836415082 -2.1150799692396802 -0.8833270202280107 -2.0529610495186925 
-1.3794434149876076 -0.6722735906018114 -1.14932955440414 -1.601946713307188 -0.6341486525180362 -0.5335148366380492 -0.09985683836415082 -2.1150799692396802 -0.8833270202280107 -2.0529610495186925 
-1.3794434149876076 -0.6722735906018114 -1.14932955440414 -1.601946713307188 -0.6341486525180362 -0.5335148366380492 -0.09985683836415082 -2.1150799692396802 -0.8833270202280107 -2.0529610495186925 
-1.3794434149876076 -0.6722735906018114 -1.14932955440414 -1.601946713307188 -0.6341486525180362 -0.5335148366380492 -0.09985683836415082 -2.1150799692396802 -0.8833270202280107 -2.0529610495186925 
-1.3794434149876076 -0.6722735906018114 -1.14932955440414 -1.601946713307188 -0.6341486525180362 -0.5335148366380492 -0.09985683836415082 -2.1150799692396802 -0.8833270202280107 -2.0529610495186925 
-1.3794434149876076 -0.6722735906018114 -1.14932955440414 -1.601946713307188 -0.6610511713183712 -0.5335148366380492 -0.09985683836415082 -2.1150799692396802 -0.8833270202280107 -2.0529610495186925 
-1.3794434149876076 -0.6722735906018114 -1.14932955440414 -1.601946713307188 -0.6610511713183712 -0.5335148366380492 -0.09985683836415082 -2.1150799692396802 -0.8833270202280107 -2.0529610495186925 
-1.3794434149876076 -0.7073220803655078 -1.14932955440414 -1.601946713307188 -0.6610511713183712 -0.5335148366380492 -0.09985683836415082 -2.1150799692396802 -0.8833270202280107 -2.0529610495186925 
-1.3794434149876076 -0.7073220803655078 -1.14932955440414 -1.601946713307188 -0.6610511713183712 -0.5335148366380492 -0.09985683836415082 -2.1150799692396802 -0.8833270202280107 -2.0529610495186925 
-1.3794434149876076 -0.7073220803655078 -1.14932955440414 -1.601946713307188 -0.6610511713183712 -0.5335148366380492 -0.09985683836415082 -2.1150799692396802 -0.8833270202280107 -2.0529610495186925 
-1.3794434149876076 -0.7073220803655078 -1.14932955440414 -1.601946713307188 -0.6610511713183712 -0.5335148366380492 -0.09985683836415082 -2.1150799692396802 -0.8833270202280107 -2.0529610495186925 
-1.3794434149876076 -0.7073220803655078 -1.14932955440414 -1.601946713307188 -0.6610511713183712 -0.5335148366380492 -0.09985683836415082 -2.1150799692396802 -0.8833270202280107 -2.0529610495186925 
-1.3794434149876076 -0.7073220803655078 -1.14932955440414 -1.601946713307188 -0.6610511713183712 -0.5335148366380492 -0.09985683836415082 -2.1150799692396802 -0.8833270202280107 -2.0529610495186925 
-1.3794434149876076 -0.7073220803655078 -1.14932955440414 -1.601946713307188 -0.6610511713183712 -0.5335148366380492 -0.09985683836415082 -2.1150799692396802 -0.8833270202280107 -2.0529610495186925 
-1.3794434149876076 -0.7073220803655078 -1.14932955440414 -1.601946713307188 -0.9681672373753457 -0.5335148366380492 -0.09985683836415082 -2.1150799692396802 -0.8833270202280107 -2.0529610495186925 
-1.3794434149876076 -0.7073220803655078 -1.14932955440414 -1.601946713307188 -0.9681672373753457 -0.5335148366380492 -0.09985683836415082 -2.1150799692396802 -0.8833270202280107 -2.0529610495186925 
-1.3794434149876076 -0.7073220803655078 -1.14932955440414 -1.601946713307188 -0.9681672373753457 -0.5335148366380492 -0.09985683836415082 -2.1150799692396802 -0.8833270202280107 -2.0529610495186925 
-1.3794434149876076 -0.7073220803655078 -1.14932955440414 -1.601946713307188 -0.9681672373753457 -0.5335148366380492 -0.09985683836415082 -2.1150799692396802 -0.8833270202280107 -2.0529610495186925 
-1.3794434149876076 -0.7073220803655078 -1.14932955440414 -1.601946713307188 -1.2364570221929558 -0.5335148366380492 -0.27035875897201767 -2.1150799692396802 -0.8833270202280107 -2.0529610495186925 
-1.3794434149876076 -0.7073220803655078 -1.14932955440414 -1.601946713307188 -1.2364570221929558 -0.5335148366380492 -0.27035875897201767 -2.1150799692396802 -0.8833270202280107 -2.0529610495186925 
-1.3794434149876076 -0.7073220803655078 -1.14932955440414 -1.601946713307188 -1.2364570221929558 -0.5335148366380492 -0.27035875897201767 -2.1150799692396802 -0.8833270202280107 -2.0529610495186925 
-1.3794434149876076 -0.7073220803655078 -1.14932955440414 -1.601946713307188 -1.2364570221929558 -0.5335148366380492 -0.5195332642225461 -2.1150799692396802 -0.8833270202280107 -2.0529610495186925 
-1.3794434149876076 -0.7073220803655078 -1.14932955440414 -1.601946713307188 -1.2364570221929558 -0.5335148366380492 -0.5195332642225461 -2.1150799692396802 -0.8833270202280107 -2.0529610495186925 
-1.3794434149876076 -0.7073220803655078 -1.14932955440414 -1.601946713307188 -1.2364570221929558 -0.5335148366380492 -0.5195332642225461 -2.1150799692396802 -0.8833270202280107 -2.0529610495186925 
-1.3794434149876076 -0.7073220803655078 -1.14932955440414 -1.601946713307188 -1.2364570221929558 -0.5335148366380492 -0.5195332642225461 -2.1150799692396802 -0.8833270202280107 -2.0529610495186925 
-1.3794434149876076 -0.7073220803655078 -1.14932955440414 -1.601946713307188 -1.2364570221929558 -0.5335148366380492 -0.5195332642225461 -2.1150799692396802 -0.8833270202280107 -2.0529610495186925 
-1.3794434149876076 -0.7073220803655078 -1.14932955440414 -1.601946713307188 -1.2364570221929558 -0.5335148366380492 -0.5195332642225461 -2.1150799692396802 -0.8833270202280107 -2.0529610495186925 
-1.3794434149876076 -0.7073220803655078 -1.14932955440414 -1.601946713307188 -1.2364570221929558 -0.5335148366380492 -0.5195332642225461 -2.1150799692396802 -0.8833270202280107 -2.0529610495186925 
-1.3794434149876076 -0.7073220803655078 -1.14932955440414 -1.601946713307188 -1.2364570221929558 -0.5335148366380492 -1.0936668304261499 -2.1150799692396802 -0.8833270202280107 -2.0529610495186925 
-1.3794434149876076 -0.7073220803655078 -1.14932955440414 -1.601946713307188 -1.2364570221929558 -0.5335148366380492 -1.0936668304261499 -2.1150799692396802 -0.8833270202280107 -2.0529610495186925 
-1.3794434149876076 -0.7073220803655078 -1.14932955440414 -1.601946713307188 -1.2364570221929558 -0.5335148366380492 -1.0936668304261499 -2.1150799692396802 -0.8833270202280107 -2.0529610495186925 
-1.3794434149876076 -0.7073220803655078 -1.14932955440414 -1.601946713307188 -1.2364570221929558 -0.5335148366380492 -1.0936668304261499 -2.1150799692396802 -0.8833270202280107 -2.0529610495186925 
-1.3794434149876076 -0.7073220803655078 -1.14932955440414 -1.601946713307188 -1.2364570221929558 -0.5335148366380492 -1.0936668304261499 -2.1150799692396802 -0.8833270202280107 -2.0529610495186925 
-1.3794434149876076 -0.7073220803655078 -1.14932955440414 -1.601946713307188 -1.2364570221929558 -0.5335148366380492 -1.0936668304261499 -2.1150799692396802 -0.8833270202280107 -2.0529610495186925 
-1.3794434149876076 -0.7073220803655078 -1.14932955440414 -1.601946713307188 -1.2364570221929558 -0.5335148366380492 -1.0936668304261499 -2.1150799692396802 -0.8833270202280107 -2.0529610495186925 
-1.3794434149876076 -0.7073220803655078 -1.14932955440414 -1.601946713307188 -1.2364570221929558 -0.5335148366380492 -1.0936668304261499 -2.1150799692396802 -1.0803840924243981 -2.0529610495186925 
-1.3794434149876076 -0.7073220803655078 -1.14932955440414 -1.601946713307188 -1.2364570221929558 -0.5335148366380492 -1.0936668304261499 -2.9625285673181043 -1.0803840924243981 -2.0529610495186925 
-1.3794434149876076 -0.7073220803655078 -1.14932955440414 -1.601946713307188 -1.2364570221929558 -0.5335148366380492 -1.0936668304261499 -2.9625285673181043 -1.0803840924243981 -2.0529610495186925 
-1.3794434149876076 -0.7073220803655078 -1.14932955440414 -1.601946713307188 -1.2364570221929558 -0.5335148366380492 -1.0936668304261499 -2.9625285673181043 -1.0803840924243981 -2.0529610495186925 
-1.3794434149876076 -0.7073220803655078 -1.14932955440414 -1.601946713307188 -1.2364570221929558 -0.5335148366380492 -1.0936668304261499 -2.9625285673181043 -1.0803840924243981 -2.0529610495186925 
-1.3794434149876076 -0.7073220803655078 -1.14932955440414 -1.601946713307188 -1.2364570221929558 -0.5335148366380492 -2.1006241541088913 -2.9625285673181043 -1.0803840924243981 -2.0529610495186925 
-1.3794434149876076 -0.7073220803655078 -1.14932955440414 -1.601946713307188 -1.2364570221929558 -0.8622029342517838 -2.1006241541088913 -2.9625285673181043 -1.0803840924243981 -2.0529610495186925 
-1.3794434149876076 -0.7073220803655078 -1.14932955440414 -1.601946713307188 -1.2364570221929558 -0.8622029342517838 -2.1006241541088913 -2.9625285673181043 -1.0803840924243981 -2.0529610495186925 
-1.3794434149876076 -0.7073220803655078 -1.14932955440414 -1.601946713307188 -1.2364570221929558 -0.8622029342517838 -2.1006241541088913 -2.9625285673181043 -1.0803840924243981 -2.0529610495186925 
-1.3794434149876076 -0.7073220803655078 -1.14932955440414 -1.601946713307188 -1.2364570221929558 -0.8622029342517838 -2.1006241541088913 -2.9625285673181043 -1.0803840924243981 -2.0529610495186925 
-1.3794434149876076 -0.7073220803655078 -1.14932955440414 -1.601946713307188 -1.2364570221929558 -0.8622029342517838 -2.1006241541088913 -2.9625285673181043 -1.0803840924243981 -2.0529610495186925 
-1.3794434149876076 -0.7073220803655078 -1.14932955440414 -1.601946713307188 -1.2364570221929558 -0.8622029342517838 -2.1006241541088913 -2.9625285673181043 -1.0803840924243981 -2.0529610495186925 
-1.3794434149876076 -0.7073220803655078 -1.14932955440414 -1.601946713307188 -1.2364570221929558 -0.8622029342517838 -2.1006241541088913 -2.9625285673181043 -1.0803840924243981 -2.0529610495186925 
-1.3794434149876076 -0.7073220803655078 -1.14932955440414 -1.601946713307188 -1.2364570221929558 -0.8622029342517838 -2.1006241541088913 -2.9625285673181043 -1.0803840924243981 -2.0529610495186925 
-1.3794434149876076 -0.7073220803655078 -1.14932955440414 -1.601946713307188 -1.2364570221929558 -0.8622029342517838 -2.1006241541088913 -2.9625285673181043 -1.0803840924243981 -2.0529610495186925 
-1.3794434149876076 -0.7073220803655078 -1.14932955440414 -1.601946713307188 -1.2364570221929558 -0.8622029342517838 -2.1006241541088913 -2.9625285673181043 -1.0803840924243981 -2.0529610495186925 
-1.3794434149876076 -0.7073220803655078 -1.14932955440414 -1.601946713307188 -1.2364570221929558 -0.8622029342517838 -2.1006241541088913 -2.9625285673181043 -1.0803840924243981 -2.0529610495186925 
-1.3794434149876076 -0.7073220803655078 -1.14932955440414 -1.601946713307188 -1.2364570221929558 -0.8622029342517838 -2.1006241541088913 -2.9625285673181043 -1.0803840924243981 -2.0529610495186925 
-1.3794434149876076 -0.7073220803655078 -1.14932955440414 -1.601946713307188 -1.2364570221929558 -0.8622029342517838 -2.1006241541088913 -2.9625285673181043 -1.0803840924243981 -2.0529610495186925 
-1.3794434149876076 -0.7073220803655078 -1.14932955440414 -1.601946713307188 -1.2364570221929558 -0.8622029342517838 -2.1006241541088913 -2.9625285673181043 -1.0803840924243981 -2.0529610495186925 
-1.3794434149876076 -0.7073220803655078 -1.14932955440414 -1.601946713307188 -1.2364570221929558 -0.8622029342517838 -2.1006241541088913 -2.9625285673181043 -1.0803840924243981 -2.0529610495186925 
-1.3794434149876076 -0.7073220803655078 -1.14932955440414 -1.601946713307188 -1.2364570221929558 -0.8622029342517838 -2.1006241541088913 -2.9625285673181043 -1.0803840924243981 -2.0529610495186925 
-1.3794434149876076 -0.7073220803655078 -1.14932955440414 -1.601946713307188 -1.2364570221929558 -0.8622029342517838 -2.1006241541088913 -2.9625285673181043 -1.0803840924243981 -2.0529610495186925 
-1.3794434149876076 -0.7073220803655078 -1.14932955440414 -1.601946713307188 -1.2364570221929558 -0.8622029342517838 -2.1006241541088913 -2.9625285673181043 -1.0803840924243981 -2.0529610495186925 
-1.3794434149876076 -0.7073220803655078 -1.14932955440414 -1.601946713307188 -1.2364570221929558 -0.8622029342517838 -2.1006241541088913 -2.9625285673181043 -1.0803840924243981 -2.0529610495186925 
-1.3794434149876076 -0.7073220803655078 -1.14932955440414 -1.601946713307188 -1.2364570221929558 -0.8622029342517838 -2.1006241541088913 -2.9625285673181043 -1.0803840924243981 -2.0529610495186925 
-1.3794434149876076 -0.7073220803655078 -1.14932955440414 -1.601946713307188 -1.2364570221929558 -0.8622029342517838 -2.1006241541088913 -2.9625285673181043 -1.0803840924243981 -2.0529610495186925 
-1.3794434149876076 -0.7073220803655078 -1.14932955440414 -1.601946713307188 -1.2364570221929558 -0.8622029342517838 -2.1006241541088913 -2.9625285673181043 -1.0803840924243981 -2.0529610495186925 
-1.3794434149876076 -0.7073220803655078 -1.14932955440414 -1.601946713307188 -1.2364570221929558 -0.8622029342517838 -2.1006241541088913 -2.9625285673181043 -1.0803840924243981 -2.0529610495186925 
-1.3794434149876076 -0.7073220803655078 -1.14932955440414 -1.601946713307188 -1.2364570221929558 -0.8622029342517838 -2.1006241541088913 -2.9625285673181043 -1.0803840924243981 -2.0529610495186925 
-1.3794434149876076 -0.7073220803655078 -1.14932955440414 -1.601946713307188 -1.2364570221929558 -0.8622029342517838 -2.1006241541088913 -2.9625285673181043 -1.0803840924243981 -2.0529610495186925 
-1.3794434149876076 -0.7073220803655078 -1.14932955440414 -1.601946713307188 -1.2364570221929558 -0.8622029342517838 -2.1006241541088913 -2.9625285673181043 -1.0803840924243981 -2.0529610495186925 
-1.3794434149876076 -0.7073220803655078 -1.14932955440414 -1.601946713307188 -1.2364570221929558 -0.8622029342517838 -2.1006241541088913 -2.9625285673181043 -1.0803840924243981 -2.0529610495186925 
-1.3794434149876076 -0.7073220803655078 -1.14932955440414 -1.601946713307188 -1.2364570221929558 -0.8622029342517838 -2.1006241541088913 -2.9625285673181043 -1.0803840924243981 -2.0529610495186925 
-1.3794434149876076 -0.7073220803655078 -1.14932955440414 -1.601946713307188 -1.2364570221929558 -0.8622029342517838 -2.1006241541088913 -2.9625285673181043 -1.0803840924243981 -2.0529610495186925 
-1.3794434149876076 -0.7073220803655078 -1.14932955440414 -1.601946713307188 -1.2364570221929558 -0.8622029342517838 -2.1006241541088913 -2.9625285673181043 -1.0803840924243981 -2.0529610495186925 
-1.3794434149876076 -0.7073220803655078 -1.14932955440414 -1.601946713307188 -1.2364570221929558 -0.8622029342517838 -2.1006241541088913 -2.9625285673181043 -1.0803840924243981 -2.0529610495186925 
-1.3794434149876076 -0.7073220803655078 -1.14932955440414 -1.601946713307188 -1.2364570221929558 -0.8622029342517838 -2.1006241541088913 -2.9625285673181043 -1.0803840924243981 -2.0529610495186925 
-1.3794434149876076 -0.7073220803655078 -1.14932955440414 -1.601946713307188 -1.2364570221929558 -0.8622029342517838 -2.1006241541088913 -2.9625285673181043 -1.0803840924243981 -2.0529610495186925 
-1.3794434149876076 -0.7073220803655078 -1.14932955440414 -1.601946713307188 -1.2364570221929558 -0.8622029342517838 -2.1006241541088913 -2.9625285673181043 -1.0803840924243981 -2.0529610495186925 
-1.3794434149876076 -0.7073220803655078 -1.14932955440414 -1.601946713307188 -1.2364570221929558 -0.8622029342517838 -2.1006241541088913 -2.9625285673181043 -1.0803840924243981 -2.0529610495186925 
-1.3794434149876076 -0.7073220803655078 -1.14932955440414 -1.601946713307188 -1.2364570221929558 -0.8622029342517838 -2.1006241541088913 -2.9625285673181043 -1.0803840924243981 -2.0529610495186925 
-1.3794434149876076 -0.7073220803655078 -1.14932955440414 -1.601946713307188 -1.2364570221929558 -0.8622029342517838 -2.1006241541088913 -2.9625285673181043 -1.0803840924243981 -2.0529610495186925 
-1.3794434149876076 -0.7073220803655078 -1.14932955440414 -1.601946713307188 -1.2364570221929558 -0.8622029342517838 -2.1006241541088913 -2.9625285673181043 -1.0803840924243981 -2.0529610495186925 
-1.3794434149876076 -0.7073220803655078 -1.14932955440414 -1.601946713307188 -1.2364570221929558 -0.8622029342517838 -2.1006241541088913 -2.9625285673181043 -1.0803840924243981 -2.0529610495186925 
-1.3794434149876076 -0.7073220803655078 -1.14932955440414 -1.601946713307188 -1.2364570221929558 -0.8622029342517838 -2.1006241541088913 -2.9625285673181043 -1.0803840924243981 -2.0529610495186925 
-1.5178160557105191 -0.7073220803655078 -1.14932955440414 -1.601946713307188 -1.2364570221929558 -0.8622029342517838 -2.1006241541088913 -2.9625285673181043 -1.0803840924243981 -2.0529610495186925 
-1.5178160557105191 -0.7073220803655078 -1.14932955440414 -1.601946713307188 -1.2364570221929558 -0.8622029342517838 -2.1006241541088913 -2.9625285673181043 -1.0803840924243981 -2.0529610495186925 
-1.5178160557105191 -0.7073220803655078 -1.14932955440414 -1.601946713307188 -1.2364570221929558 -0.8622029342517838 -2.1006241541088913 -2.9625285673181043 -1.0803840924243981 -2.0529610495186925 
-1.5178160557105191 -0.7073220803655078 -1.14932955440414 -1.601946713307188 -1.2364570221929558 -0.8622029342517838 -2.1006241541088913 -2.9625285673181043 -1.0803840924243981 -2.0529610495186925 
-1.5178160557105191 -0.7073220803655078 -1.14932955440414 -1.601946713307188 -1.2364570221929558 -0.8622029342517838 -2.1006241541088913 -2.9625285673181043 -1.0803840924243981 -2.0529610495186925 
-1.5178160557105191 -0.7073220803655078 -1.14932955440414 -1.601946713307188 -1.2364570221929558 -0.8622029342517838 -2.1006241541088913 -2.9625285673181043 -1.0803840924243981 -2.0529610495186925 
-1.5178160557105191 -0.7073220803655078 -1.14932955440414 -1.601946713307188 -1.2364570221929558 -0.8622029342517838 -2.1006241541088913 -2.9625285673181043 -1.0803840924243981 -2.0529610495186925 
-1.5178160557105191 -0.7073220803655078 -1.14932955440414 -1.601946713307188 -1.2364570221929558 -0.8622029342517838 -2.1006241541088913 -2.9625285673181043 -1.0803840924243981 -2.0529610495186925 
-1.5178160557105191 -0.7073220803655078 -1.14932955440414 -1.601946713307188 -1.2364570221929558 -0.8622029342517838 -2.1006241541088913 -2.9625285673181043 -1.0803840924243981 -2.0529610495186925 
