0.6261357621022057 0.7310739345366066 0.045064488180354016 0.20346091548676343 0.7292365027254933 1.7187989814087832 0.42120488895912866 0.6081396933419527 1.353525771699283 0.41747213806545336 
0.6261357621022057 0.6407110230030713 -0.24508220455230703 0.20346091548676343 0.7292365027254933 1.023390587494188 0.42120488895912866 0.4964997008602737 0.27846932004685654 0.41747213806545336 
0.6261357621022057 0.6407110230030713 -0.24508220455230703 0.20346091548676343 0.7292365027254933 1.023390587494188 0.32787409613779883 0.4964997008602737 0.27846932004685654 0.11190919881781664 
0.6261357621022057 0.43171448263869555 -0.24508220455230703 0.20346091548676343 0.7292365027254933 0.8207234703780224 0.32787409613779883 0.4964997008602737 0.2626666667117643 0.11190919881781664 
0.6261357621022057 0.43171448263869555 -0.24508220455230703 0.20346091548676343 0.6441887714493884 0.8207234703780224 0.1828011958536016 0.4964997008602737 0.2626666667117643 0.11190919881781664 
0.6261357621022057 0.43171448263869555 -0.3906734199040379 0.20346091548676343 0.6441887714493884 0.777590804282587 0.1828011958536016 0.4964997008602737 -0.8156542923539161 0.11190919881781664 
0.6261357621022057 0.28480062973782216 -0.3906734199040379 0.20346091548676343 0.4690277598244066 0.4750047306525975 0.1828011958536016 0.4964997008602737 -0.8156542923539161 0.11190919881781664 
0.6261357621022057 0.28480062973782216 -0.3906734199040379 0.20346091548676343 0.4690277598244066 0.0973790655609652 0.1828011958536016 0.4964997008602737 -0.8156542923539161 0.11190919881781664 
0.3932353753388947 0.28480062973782216 -0.3906734199040379 0.20346091548676343 0.42316001812910164 0.0973790655609652 0.1828011958536016 0.4964997008602737 -0.8156542923539161 0.11190919881781664 
0.3932353753388947 0.28480062973782216 -0.3906734199040379 0.20346091548676343 0.42316001812910164 0.0973790655609652 0.1828011958536016 0.4964997008602737 -0.8156542923539161 0.11190919881781664 
0.3932353753388947 -0.7309010642508772 -0.3906734199040379 0.20346091548676343 0.42316001812910164 0.0973790655609652 -0.2506245143133229 0.4964997008602737 -0.8156542923539161 0.11190919881781664 
0.3932353753388947 -0.7309010642508772 -0.3906734199040379 0.20346091548676343 0.42316001812910164 0.0973790655609652 -0.2506245143133229 0.4964997008602737 -0.8156542923539161 0.11190919881781664 
0.3932353753388947 -0.7309010642508772 -0.3906734199040379 0.20346091548676343 -0.427468450171623 0.0973790655609652 -0.2506245143133229 0.4964997008602737 -0.8156542923539161 0.11190919881781664 
0.3932353753388947 -0.7309010642508772 -0.3906734199040379 0.20346091548676343 -0.427468450171623 0.0973790655609652 -0.2506245143133229 0.008186834635804052 -1.436485356529936 0.11190919881781664 
0.3224668740613445 -0.7309010642508772 -0.3906734199040379 0.20346091548676343 -0.427468450171623 0.0973790655609652 -0.2506245143133229 0.008186834635804052 -1.436485356529936 0.11190919881781664 
0.3224668740613445 -0.7309010642508772 -0.3906734199040379 0.20346091548676343 -0.427468450171623 0.0973790655609652 -0.2506245143133229 0.008186834635804052 -1.436485356529936 0.11190919881781664 
0.3224668740613445 -0.7309010642508772 -0.3906734199040379 0.15795357364559218 -0.427468450171623 0.0973790655609652 -0.2506245143133229 0.008186834635804052 -1.436485356529936 0.11190919881781664 
0.3224668740613445 -1.214562933759334 -0.3906734199040379 0.15795357364559218 -0.427468450171623 0.0973790655609652 -0.2506245143133229 0.008186834635804052 -1.436485356529936 0.11190919881781664 
0.3224668740613445 -1.214562933759334 -0.3906734199040379 0.15795357364559218 -0.427468450171623 0.0973790655609652 -0.2506245143133229 0.008186834635804052 -1.436485356529936 0.11190919881781664 
0.008395016787250381 -1.214562933759334 -0.3906734199040379 0.15795357364559218 -0.427468450171623 0.0973790655609652 -0.2506245143133229 0.008186834635804052 -1.436485356529936 0.11190919881781664 
0.008395016787250381 -1.214562933759334 -0.3906734199040379 0.15795357364559218 -0.427468450171623 0.0973790655609652 -0.2506245143133229 0.008186834635804052 -1.436485356529936 0.11190919881781664 
0.008395016787250381 -1.214562933759334 -0.3906734199040379 0.15795357364559218 -0.427468450171623 0.0973790655609652 -0.2506245143133229 -0.06647739590045076 -1.436485356529936 0.11190919881781664 
0.008395016787250381 -1.214562933759334 -0.3906734199040379 0.15795357364559218 -0.427468450171623 0.07898560348713429 -0.2506245143133229 -0.06647739590045076 -1.436485356529936 0.11190919881781664 
0.008395016787250381 -1.214562933759334 -0.3906734199040379 0.15795357364559218 -0.427468450171623 0.07898560348713429 -0.2506245143133229 -0.06647739590045076 -1.436485356529936 0.11190919881781664 
0.008395016787250381 -1.214562933759334 -0.3906734199040379 0.15795357364559218 -0.427468450171623 0.07898560348713429 -0.2506245143133229 -0.06647739590045076 -1.436485356529936 0.11190919881781664 
0.008395016787250381 -1.214562933759334 -0.3906734199040379 0.15795357364559218 -0.427468450171623 0.07898560348713429 -0.2506245143133229 -0.06647739590045076 -1.436485356529936 0.11190919881781664 
0.008395016787250381 -1.214562933759334 -0.3906734199040379 0.15795357364559218 -0.427468450171623 0.07898560348713429 -0.2506245143133229 -0.06647739590045076 -1.436485356529936 0.11190919881781664 
0.008395016787250381 -1.214562933759334 -0.3906734199040379 0.15795357364559218 -0.427468450171623 0.07898560348713429 -0.2506245143133229 -0.06647739590045076 -1.436485356529936 0.11190919881781664 
0.008395016787250381 -1.214562933759334 -0.3906734199040379 0.15795357364559218 -0.427468450171623 0.07898560348713429 -0.2506245143133229 -0.06647739590045076 -1.436485356529936 0.11190919881781664 
-0.05878718579967257 -1.214562933759334 -0.3906734199040379 0.15795357364559218 -0.427468450171623 0.07898560348713429 -0.2506245143133229 -0.06647739590045076 -1.436485356529936 0.11190919881781664 
-0.05878718579967257 -1.214562933759334 -0.3906734199040379 0.15795357364559218 -0.427468450171623 0.07898560348713429 -0.2506245143133229 -0.06647739590045076 -1.436485356529936 0.11190919881781664 
-0.05878718579967257 -1.214562933759334 -0.3906734199040379 0.15795357364559218 -0.427468450171623 0.07898560348713429 -0.2506245143133229 -0.06647739590045076 -1.436485356529936 0.11190919881781664 
-0.05878718579967257 -1.214562933759334 -0.3906734199040379 0.15795357364559218 -0.427468450171623 0.07898560348713429 -0.2506245143133229 -0.06647739590045076 -1.436485356529936 0.11190919881781664 
-0.05878718579967257 -1.214562933759334 -0.3906734199040379 0.15795357364559218 -0.427468450171623 0.07898560348713429 -0.2506245143133229 -0.2271387060216945 -1.436485356529936 0.11190919881781664 
-0.05878718579967257 -1.214562933759334 -0.3906734199040379 0.15795357364559218 -0.427468450171623 0.07898560348713429 -0.2506245143133229 -0.2271387060216945 -1.436485356529936 0.11190919881781664 
-0.05878718579967257 -1.214562933759334 -0.3906734199040379 0.15795357364559218 -0.427468450171623 0.07898560348713429 -0.2506245143133229 -0.2271387060216945 -1.436485356529936 0.11190919881781664 
-0.05878718579967257 -1.214562933759334 -0.3906734199040379 0.11933104181137044 -0.427468450171623 0.07898560348713429 -0.2506245143133229 -0.2271387060216945 -1.436485356529936 0.11190919881781664 
-0.05878718579967257 -1.214562933759334 -0.3906734199040379 0.11933104181137044 -0.427468450171623 0.07898560348713429 -0.2506245143133229 -0.2271387060216945 -1.436485356529936 0.11190919881781664 
-0.05878718579967257 -1.214562933759334 -0.3906734199040379 0.11933104181137044 -0.427468450171623 0.07898560348713429 -0.2506245143133229 -0.2271387060216945 -1.436485356529936 0.11190919881781664 
-0.05878718579967257 -1.214562933759334 -0.6045296414454517 0.11933104181137044 -0.427468450171623 0.07898560348713429 -0.2506245143133229 -0.2271387060216945 -1.4493536036001002 -0.2608343258402025 
-0.05878718579967257 -1.214562933759334 -0.6045296414454517 0.11933104181137044 -0.427468450171623 0.07898560348713429 -0.2506245143133229 -0.2271387060216945 -1.4493536036001002 -0.2608343258402025 
-0.05878718579967257 -1.214562933759334 -0.6045296414454517 0.11933104181137044 -0.427468450171623 0.07898560348713429 -0.2506245143133229 -0.2430625566423636 -1.4493536036001002 -0.2608343258402025 
-0.05878718579967257 -1.214562933759334 -0.6045296414454517 0.11933104181137044 -0.427468450171623 0.07898560348713429 -0.2506245143133229 -0.2430625566423636 -1.4493536036001002 -0.2608343258402025 
-0.05878718579967257 -1.214562933759334 -0.6045296414454517 0.11933104181137044 -0.427468450171623 0.051127142830988515 -0.2506245143133229 -0.2430625566423636 -1.4493536036001002 -0.2608343258402025 
-0.05878718579967257 -1.214562933759334 -0.6045296414454517 0.11933104181137044 -0.427468450171623 0.051127142830988515 -0.2506245143133229 -0.2430625566423636 -1.4493536036001002 -0.2608343258402025 
-0.05878718579967257 -1.214562933759334 -0.6045296414454517 0.11933104181137044 -0.427468450171623 0.051127142830988515 -0.2506245143133229 -0.2430625566423636 -1.4493536036001002 -0.2608343258402025 
-0.05878718579967257 -1.214562933759334 -0.6045296414454517 0.11933104181137044 -0.427468450171623 0.051127142830988515 -0.2506245143133229 -0.2430625566423636 -1.4493536036001002 -0.2608343258402025 
-0.05878718579967257 -1.214562933759334 -0.6045296414454517 0.11933104181137044 -0.427468450171623 0.051127142830988515 -0.2506245143133229 -0.2430625566423636 -1.4493536036001002 -0.2608343258402025 
-0.05878718579967257 -1.214562933759334 -0.6045296414454517 0.11933104181137044 -0.427468450171623 0.051127142830988515 -0.2506245143133229 -0.2430625566423636 -1.4493536036001002 -0.2608343258402025 
-0.05878718579967257 -1.214562933759334 -0.6045296414454517 0.11933104181137044 -0.427468450171623 0.051127142830988515 -0.2506245143133229 -0.2430625566423636 -1.4493536036001002 -0.2608343258402025 
-0.05878718579967257 -1.214562933759334 -0.6045296414454517 0.11933104181137044 -0.427468450171623 0.051127142830988515 -0.2506245143133229 -0.2430625566423636 -1.4493536036001002 -0.2608343258402025 
-0.05878718579967257 -1.214562933759334 -0.6045296414454517 0.11933104181137044 -0.427468450171623 0.051127142830988515 -0.2506245143133229 -0.2430625566423636 -1.4493536036001002 -0.2608343258402025 
-0.05878718579967257 -1.214562933759334 -0.6045296414454517 0.11933104181137044 -0.427468450171623 0.051127142830988515 -0.2506245143133229 -0.2430625566423636 -1.4493536036001002 -0.2608343258402025 
-0.05878718579967257 -1.214562933759334 -0.6045296414454517 0.11933104181137044 -0.427468450171623 0.051127142830988515 -0.2506245143133229 -0.2430625566423636 -1.4493536036001002 -0.2608343258402025 
-0.05878718579967257 -1.214562933759334 -0.6045296414454517 0.11933104181137044 -0.427468450171623 0.011373986823095095 -0.2506245143133229 -0.2430625566423636 -1.4493536036001002 -0.2608343258402025 
-0.05878718579967257 -1.214562933759334 -0.6045296414454517 0.11933104181137044 -0.427468450171623 0.011373986823095095 -0.2506245143133229 -0.2430625566423636 -1.4493536036001002 -0.2608343258402025 
-0.05878718579967257 -1.214562933759334 -0.6045296414454517 0.11933104181137044 -0.427468450171623 0.011373986823095095 -0.2506245143133229 -0.2430625566423636 -1.4493536036001002 -0.2608343258402025 
-0.09772816884338553 -1.214562933759334 -0.6045296414454517 0.11933104181137044 -0.427468450171623 0.011373986823095095 -0.2506245143133229 -0.2430625566423636 -1.4493536036001002 -0.2608343258402025 
-0.09772816884338553 -1.214562933759334 -0.6045296414454517 0.11933104181137044 -0.427468450171623 0.011373986823095095 -0.2506245143133229 -0.2430625566423636 -1.4493536036001002 -0.2608343258402025 
-0.09772816884338553 -1.214562933759334 -0.6045296414454517 -0.4041156308654281 -0.427468450171623 0.011373986823095095 -0.2506245143133229 -0.2430625566423636 -1.4493536036001002 -0.2608343258402025 
-0.09772816884338553 -1.214562933759334 -1.6355076181997426 -0.4041156308654281 -0.427468450171623 0.011373986823095095 -0.2506245143133229 -0.2430625566423636 -1.4493536036001002 -0.2608343258402025 
-0.09772816884338553 -1.214562933759334 -1.6355076181997426 -0.4041156308654281 -0.427468450171623 0.011373986823095095 -0.4136489176048447 -0.2430625566423636 -1.4493536036001002 -0.2608343258402025 
-0.09772816884338553 -1.214562933759334 -1.6355076181997426 -0.4041156308654281 -0.427468450171623 0.011373986823095095 -0.4136489176048447 -0.2430625566423636 -1.4493536036001002 -0.2608343258402025 
-0.5123678214138313 -1.214562933759334 -1.6355076181997426 -0.4041156308654281 -0.427468450171623 0.011373986823095095 -0.4136489176048447 -0.2430625566423636 -1.4493536036001002 -0.2608343258402025 
-0.5123678214138313 -1.214562933759334 -1.6355076181997426 -0.4041156308654281 -0.427468450171623 0.011373986823095095 -0.4136489176048447 -0.2430625566423636 -1.4493536036001002 -0.2608343258402025 
-0.5123678214138313 -1.214562933759334 -1.6355076181997426 -0.4041156308654281 -0.427468450171623 0.011373986823095095 -0.4136489176048447 -0.2430625566423636 -1.4493536036001002 -0.2608343258402025 
-0.5123678214138313 -1.214562933759334 -1.6355076181997426 -0.4041156308654281 -0.427468450171623 0.011373986823095095 -0.4136489176048447 -0.2430625566423636 -1.4493536036001002 -0.2608343258402025 
-0.5123678214138313 -1.214562933759334 -1.6355076181997426 -0.4041156308654281 -0.427468450171623 0.011373986823095095 -0.4136489176048447 -0.2430625566423636 -1.4493536036001002 -0.2608343258402025 
-0.5123678214138313 -1.214562933759334 -1.6355076181997426 -0.4041156308654281 -0.427468450171623 0.011373986823095095 -0.4136489176048447 -0.2430625566423636 -1.4493536036001002 -0.2608343258402025 
-0.5123678214138313 -1.214562933759334 -1.6355076181997426 -0.4041156308654281 -0.427468450171623 0.011373986823095095 -0.4136489176048447 -0.2430625566423636 -1.4493536036001002 -0.2608343258402025 
-0.5123678214138313 -1.214562933759334 -1.6355076181997426 -0.4041156308654281 -0.427468450171623 0.011373986823095095 -0.4136489176048447 -0.2430625566423636 -1.4493536036001002 -0.2608343258402025 
-0.5123678214138313 -1.214562933759334 -1.6355076181997426 -0.4041156308654281 -0.427468450171623 0.011373986823095095 -0.4136489176048447 -0.2430625566423636 -1.4493536036001002 -0.2608343258402025 
-0.5123678214138313 -1.214562933759334 -1.6355076181997426 -0.4041156308654281 -0.427468450171623 0.011373986823095095 -0.4136489176048447 -0.2430625566423636 -1.4493536036001002 -0.2608343258402025 
-0.5123678214138313 -1.214562933759334 -1.6355076181997426 -0.4041156308654281 -0.427468450171623 0.011373986823095095 -0.4136489176048447 -0.2430625566423636 -1.4493536036001002 -0.5307091364533951 
-0.5123678214138313 -1.214562933759334 -1.6355076181997426 -0.4041156308654281 -0.427468450171623 0.011373986823095095 -0.5307403846238697 -0.2430625566423636 -1.4493536036001002 -0.5307091364533951 
-0.5123678214138313 -1.214562933759334 -1.6355076181997426 -0.4041156308654281 -0.427468450171623 0.011373986823095095 -0.5307403846238697 -0.2430625566423636 -1.4493536036001002 -0.5307091364533951 
-0.5123678214138313 -1.214562933759334 -1.6355076181997426 -0.4041156308654281 -0.427468450171623 0.011373986823095095 -0.5307403846238697 -0.2430625566423636 -1.4493536036001002 -0.5307091364533951 
-0.5123678214138313 -1.214562933759334 -1.6355076181997426 -0.4041156308654281 -0.427468450171623 0.011373986823095095 -0.5307403846238697 -0.2430625566423636 -1.4493536036001002 -0.5307091364533951 
-0.5123678214138313 -1.214562933759334 -1.6355076181997426 -0.4041156308654281 -0.427468450171623 0.011373986823095095 -0.5350437402144025 -0.2430625566423636 -1.4493536036001002 -0.5307091364533951 
-0.5123678214138313 -1.214562933759334 -1.6355076181997426 -0.4041156308654281 -0.427468450171623 0.011373986823095095 -0.5350437402144025 -0.2430625566423636 -2.0676890959505423 -0.5307091364533951 
-0.5123678214138313 -1.214562933759334 -1.6355076181997426 -0.4041156308654281 -0.427468450171623 0.011373986823095095 -0.5350437402144025 -0.2430625566423636 -2.0676890959505423 -0.5307091364533951 
-1.2354774256451992 -1.214562933759334 -1.6355076181997426 -0.4041156308654281 -0.427468450171623 0.011373986823095095 -0.5350437402144025 -0.2430625566423636 -2.0676890959505423 -0.5307091364533951 
-1.2354774256451992 -1.214562933759334 -1.6355076181997426 -0.4041156308654281 -0.427468450171623 0.011373986823095095 -0.5350437402144025 -0.2430625566423636 -2.0676890959505423 -0.5307091364533951 
-1.2354774256451992 -1.214562933759334 -1.6355076181997426 -0.4041156308654281 -0.427468450171623 0.011373986823095095 -0.5350437402144025 -0.2430625566423636 -2.0676890959505423 -0.5307091364533951 
-1.2354774256451992 -1.214562933759334 -1.6355076181997426 -0.4041156308654281 -0.427468450171623 0.011373986823095095 -0.5350437402144025 -0.2430625566423636 -2.0676890959505423 -0.5307091364533951 
-1.2354774256451992 -1.3119416299677245 -1.6355076181997426 -0.4041156308654281 -0.427468450171623 0.011373986823095095 -0.5350437402144025 -0.2430625566423636 -2.0676890959505423 -0.5307091364533951 
-1.2354774256451992 -1.3119416299677245 -1.6355076181997426 -0.4041156308654281 -0.427468450171623 0.011373986823095095 -0.5350437402144025 -0.2430625566423636 -2.0676890959505423 -0.5307091364533951 
-1.2354774256451992 -1.3119416299677245 -1.6355076181997426 -0.4041156308654281 -0.427468450171623 0.011373986823095095 -0.5350437402144025 -0.2430625566423636 -2.0676890959505423 -0.5307091364533951 
-1.2354774256451992 -1.3119416299677245 -1.6355076181997426 -0.4041156308654281 -0.427468450171623 0.011373986823095095 -0.5350437402144025 -0.2430625566423636 -2.0676890959505423 -0.5307091364533951 
-1.2354774256451992 -1.3119416299677245 -1.6355076181997426 -0.4041156308654281 -0.427468450171623 0.011373986823095095 -0.5350437402144025 -0.2430625566423636 -2.0676890959505423 -0.5307091364533951 
-1.2354774256451992 -1.3119416299677245 -1.6355076181997426 -0.4041156308654281 -0.427468450171623 0.011373986823095095 -0.5350437402144025 -0.2430625566423636 -2.0676890959505423 -0.5307091364533951 
-1.2354774256451992 -1.3119416299677245 -1.6355076181997426 -0.4041156308654281 -0.427468450171623 0.011373986823095095 -0.5350437402144025 -0.2430625566423636 -2.0676890959505423 -0.5307091364533951 
-1.2354774256451992 -1.3119416299677245 -1.6355076181997426 -0.4041156308654281 -0.427468450171623 0.011373986823095095 -0.5350437402144025 -0.2430625566423636 -2.0676890959505423 -0.5307091364533951 
-1.2354774256451992 -1.3119416299677245 -1.6355076181997426 -0.4041156308654281 -0.427468450171623 0.011373986823095095 -0.5350437402144025 -0.2430625566423636 -2.0676890959505423 -0.5307091364533951 
-1.2669126473308043 -1.3119416299677245 -1.6355076181997426 -0.4041156308654281 -0.427468450171623 0.011373986823095095 -0.5350437402144025 -0.2430625566423636 -2.0676890959505423 -0.5307091364533951 
-1.2669126473308043 -1.3119416299677245 -1.6355076181997426 -0.4041156308654281 -0.427468450171623 0.011373986823095095 -0.5350437402144025 -0.2430625566423636 -2.0676890959505423 -0.5307091364533951 
-1.2669126473308043 -1.3119416299677245 -1.6355076181997426 -0.4041156308654281 -0.427468450171623 0.011373986823095095 -0.5350437402144025 -0.2430625566423636 -2.0676890959505423 -0.5307091364533951 
-1.2669126473308043 -1.3119416299677245 -1.6355076181997426 -0.4041156308654281 -0.427468450171623 0.011373986823095095 -0.5350437402144025 -0.2430625566423636 -2.0676890959505423 -0.5307091364533951 
-1.2669126473308043 -1.3119416299677245 -1.6355076181997426 -0.4041156308654281 -0.427468450171623 0.011373986823095095 -0.5350437402144025 -0.2430625566423636 -2.0676890959505423 -0.5307091364533951 
-1.2669126473308043 -1.3119416299677245 -1.6355076181997426 -0.4041156308654281 -0.427468450171623 0.011373986823095095 -0.5350437402144025 -0.2430625566423636 -2.0676890959505423 -0.5307091364533951 
-1.2669126473308043 -1.3119416299677245 -1.6355076181997426 -0.4041156308654281 -0.427468450171623 0.011373986823095095 -0.5350437402144025 -0.2430625566423636 -2.0676890959505423 -0.5307091364533951 
-1.2669126473308043 -1.3119416299677245 -1.6355076181997426 -0.4041156308654281 -0.427468450171623 0.011373986823095095 -0.5350437402144025 -0.2430625566423636 -2.0676890959505423 -0.5307091364533951 
-1.2669126473308043 -1.3119416299677245 -1.6355076181997426 -0.4041156308654281 -0.427468450171623 0.011373986823095095 -0.5350437402144025 -0.2430625566423636 -2.0676890959505423 -0.5307091364533951 
-1.2669126473308043 -1.3119416299677245 -1.6355076181997426 -0.4041156308654281 -0.427468450171623 0.011373986823095095 -0.5350437402144025 -0.2430625566423636 -2.0676890959505423 -0.5307091364533951 
-1.2669126473308043 -1.3119416299677245 -1.6355076181997426 -0.4041156308654281 -0.427468450171623 0.011373986823095095 -0.5858740658895518 -0.2430625566423636 -2.0676890959505423 -0.5307091364533951 
-1.2669126473308043 -1.3119416299677245 -1.6355076181997426 -0.4041156308654281 -0.427468450171623 0.011373986823095095 -0.5858740658895518 -0.2430625566423636 -2.0676890959505423 -0.5307091364533951 
-1.2669126473308043 -1.3119416299677245 -1.6355076181997426 -0.4041156308654281 -0.427468450171623 0.011373986823095095 -0.5858740658895518 -0.2430625566423636 -2.0676890959505423 -0.5307091364533951 
-1.2669126473308043 -1.3119416299677245 -1.6355076181997426 -0.4041156308654281 -0.427468450171623 0.011373986823095095 -0.5858740658895518 -0.2430625566423636 -2.0676890959505423 -0.5307091364533951 
-1.2669126473308043 -1.3119416299677245 -1.6355076181997426 -0.4041156308654281 -0.427468450171623 0.011373986823095095 -0.5858740658895518 -0.2430625566423636 -2.0676890959505423 -0.5307091364533951 
-1.2669126473308043 -1.3119416299677245 -1.6355076181997426 -0.4041156308654281 -0.427468450171623 0.011373986823095095 -0.5858740658895518 -1.1794788756570909 -2.0676890959505423 -0.5307091364533951 
-1.2669126473308043 -1.3119416299677245 -1.6355076181997426 -0.4041156308654281 -0.427468450171623 0.011373986823095095 -0.5858740658895518 -1.1794788756570909 -2.0676890959505423 -0.5307091364533951 
-1.2669126473308043 -1.3119416299677245 -1.6355076181997426 -0.4041156308654281 -0.427468450171623 0.011373986823095095 -0.5858740658895518 -1.1794788756570909 -2.0676890959505423 -0.5307091364533951 
-1.2669126473308043 -1.3119416299677245 -1.6355076181997426 -0.4041156308654281 -0.427468450171623 0.011373986823095095 -0.5858740658895518 -1.1794788756570909 -2.0676890959505423 -0.5307091364533951 
-1.2669126473308043 -1.3119416299677245 -1.6355076181997426 -0.4041156308654281 -0.427468450171623 0.011373986823095095 -0.5858740658895518 -1.1794788756570909 -2.9629888858410616 -0.5307091364533951 
-1.2669126473308043 -1.3119416299677245 -1.6355076181997426 -0.4041156308654281 -0.427468450171623 0.011373986823095095 -0.5858740658895518 -1.1794788756570909 -2.9629888858410616 -0.5307091364533951 
-1.2669126473308043 -1.3119416299677245 -1.6355076181997426 -0.4041156308654281 -0.427468450171623 0.011373986823095095 -0.5858740658895518 -1.1794788756570909 -2.9629888858410616 -0.5307091364533951 
-1.2669126473308043 -1.3119416299677245 -1.6355076181997426 -0.4041156308654281 -0.427468450171623 0.011373986823095095 -0.5858740658895518 -1.1794788756570909 -2.9629888858410616 -0.5307091364533951 
-1.2669126473308043 -1.3119416299677245 -1.6355076181997426 -0.4041156308654281 -0.427468450171623 0.011373986823095095 -0.5858740658895518 -1.1794788756570909 -2.9629888858410616 -0.5307091364533951 
-1.2669126473308043 -1.3119416299677245 -1.6355076181997426 -0.4041156308654281 -0.427468450171623 0.011373986823095095 -0.5858740658895518 -1.1794788756570909 -2.9629888858410616 -0.5307091364533951 
-1.2669126473308043 -1.3119416299677245 -1.6355076181997426 -0.4041156308654281 -0.427468450171623 0.011373986823095095 -0.5858740658895518 -1.1794788756570909 -2.9629888858410616 -0.5307091364533951 
-1.2669126473308043 -1.3119416299677245 -1.6355076181997426 -0.4041156308654281 -0.427468450171623 0.011373986823095095 -0.5858740658895518 -1.1794788756570909 -2.9629888858410616 -0.5307091364533951 
-1.2669126473308043 -1.3119416299677245 -1.6355076181997426 -0.4041156308654281 -0.6946765047501189 0.011373986823095095 -0.6523946078869272 -1.1794788756570909 -2.9629888858410616 -0.5307091364533951 
-1.2669126473308043 -1.3119416299677245 -1.6355076181997426 -0.4041156308654281 -0.6946765047501189 0.011373986823095095 -0.6523946078869272 -1.1794788756570909 -2.9629888858410616 -0.5307091364533951 
-1.2669126473308043 -1.3119416299677245 -1.6355076181997426 -0.4041156308654281 -0.6946765047501189 0.011373986823095095 -0.6523946078869272 -1.1794788756570909 -2.9629888858410616 -0.5307091364533951 
-1.2669126473308043 -1.3119416299677245 -1.6355076181997426 -0.4041156308654281 -0.6946765047501189 0.011373986823095095 -0.6523946078869272 -1.1794788756570909 -2.9629888858410616 -0.5307091364533951 
-1.2669126473308043 -1.3119416299677245 -1.6355076181997426 -0.4041156308654281 -0.6946765047501189 0.011373986823095095 -0.6523946078869272 -1.1794788756570909 -2.9629888858410616 -0.5307091364533951 
-1.2669126473308043 -1.3119416299677245 -1.6355076181997426 -0.4041156308654281 -0.6946765047501189 0.011373986823095095 -0.6523946078869272 -1.1794788756570909 -2.9629888858410616 -0.5307091364533951 
-1.2669126473308043 -1.3119416299677245 -1.6355076181997426 -0.4041156308654281 -0.6946765047501189 0.011373986823095095 -0.6523946078869272 -1.1794788756570909 -2.9629888858410616 -0.5307091364533951 
-1.2669126473308043 -1.3119416299677245 -1.6355076181997426 -0.4041156308654281 -0.6946765047501189 0.011373986823095095 -0.6523946078869272 -1.1794788756570909 -2.9629888858410616 -0.5307091364533951 
-1.2669126473308043 -1.3119416299677245 -1.6355076181997426 -0.4041156308654281 -0.6946765047501189 0.011373986823095095 -0.6523946078869272 -1.1794788756570909 -2.9629888858410616 -0.5307091364533951 
-1.2669126473308043 -1.3119416299677245 -1.6355076181997426 -0.4041156308654281 -0.6946765047501189 0.011373986823095095 -0.6523946078869272 -1.1794788756570909 -2.9629888858410616 -0.5307091364533951 
-1.2669126473308043 -1.3119416299677245 -1.6355076181997426 -0.4041156308654281 -0.6946765047501189 0.011373986823095095 -0.6523946078869272 -1.1794788756570909 -2.9629888858410616 -0.5307091364533951 
-1.2669126473308043 -1.3119416299677245 -1.6355076181997426 -0.4041156308654281 -0.6946765047501189 0.011373986823095095 -0.9965363119486863 -1.1794788756570909 -2.9629888858410616 -0.5307091364533951 
-1.2669126473308043 -1.3119416299677245 -1.6355076181997426 -0.4041156308654281 -0.6946765047501189 0.011373986823095095 -0.9965363119486863 -1.1794788756570909 -2.9629888858410616 -0.5307091364533951 
-1.2669126473308043 -1.8062380738864223 -1.6355076181997426 -0.4041156308654281 -0.6946765047501189 -0.36377622935882525 -0.9965363119486863 -1.1794788756570909 -2.9629888858410616 -0.5307091364533951 
-1.2669126473308043 -1.8062380738864223 -1.6355076181997426 -0.4041156308654281 -0.6946765047501189 -0.36377622935882525 -0.9965363119486863 -1.1794788756570909 -2.9629888858410616 -0.5307091364533951 
-1.2669126473308043 -1.8062380738864223 -1.6355076181997426 -0.4041156308654281 -1.8305184573051503 -0.36377622935882525 -0.9965363119486863 -1.1794788756570909 -2.9629888858410616 -0.5307091364533951 
-1.2669126473308043 -1.8062380738864223 -1.6355076181997426 -0.4041156308654281 -1.8305184573051503 -0.36377622935882525 -0.9965363119486863 -1.1794788756570909 -2.9629888858410616 -0.5307091364533951 
-1.2669126473308043 -1.8062380738864223 -1.6355076181997426 -0.4041156308654281 -1.8305184573051503 -0.36377622935882525 -0.9965363119486863 -1.1794788756570909 -2.9629888858410616 -0.5307091364533951 
-1.2669126473308043 -1.8062380738864223 -1.6355076181997426 -0.4041156308654281 -1.8305184573051503 -0.36377622935882525 -0.9965363119486863 -1.1794788756570909 -2.9629888858410616 -0.5307091364533951 
-1.2669126473308043 -1.8062380738864223 -1.6355076181997426 -0.4041156308654281 -1.8305184573051503 -0.36377622935882525 -0.9965363119486863 -1.1794788756570909 -2.9629888858410616 -0.5307091364533951 
-1.2669126473308043 -1.8062380738864223 -1.6355076181997426 -0.4041156308654281 -1.8305184573051503 -0.36377622935882525 -0.9965363119486863 -1.1794788756570909 -2.9629888858410616 -0.5307091364533951 
-1.2669126473308043 -1.8062380738864223 -1.6355076181997426 -0.4041156308654281 -1.9050115970846642 -0.36377622935882525 -0.9965363119486863 -1.1794788756570909 -2.9629888858410616 -0.5307091364533951 
-1.2669126473308043 -1.8062380738864223 -1.6355076181997426 -0.4041156308654281 -1.9050115970846642 -0.36377622935882525 -0.9965363119486863 -1.1794788756570909 -2.9629888858410616 -0.5307091364533951 
-1.2669126473308043 -1.8062380738864223 -1.6355076181997426 -0.4041156308654281 -1.9050115970846642 -0.36377622935882525 -0.9965363119486863 -1.1794788756570909 -2.9629888858410616 -0.5307091364533951 
-1.2669126473308043 -1.8062380738864223 -1.6355076181997426 -0.4041156308654281 -1.9050115970846642 -0.36377622935882525 -0.9965363119486863 -1.1794788756570909 -2.9629888858410616 -0.5307091364533951 
-1.2669126473308043 -1.8062380738864223 -1.6355076181997426 -0.4041156308654281 -1.9050115970846642 -0.36377622935882525 -0.9965363119486863 -1.1794788756570909 -2.9629888858410616 -0.5307091364533951 
-1.2669126473308043 -1.8062380738864223 -1.6355076181997426 -0.4041156308654281 -1.9050115970846642 -0.36377622935882525 -0.9965363119486863 -1.1794788756570909 -2.9629888858410616 -0.5307091364533951 
-1.2669126473308043 -1.8062380738864223 -1.6355076181997426 -0.4041156308654281 -1.9050115970846642 -0.36377622935882525 -0.9965363119486863 -1.1794788756570909 -2.9629888858410616 -0.9659625789539503 
-1.2669126473308043 -1.8062380738864223 -1.6355076181997426 -0.4041156308654281 -1.9050115970846642 -0.36377622935882525 -0.9965363119486863 -1.1794788756570909 -2.9629888858410616 -0.9659625789539503 
-1.2669126473308043 -1.8062380738864223 -1.6355076181997426 -0.4041156308654281 -1.9050115970846642 -0.36377622935882525 -0.9965363119486863 -1.1794788756570909 -2.9629888858410616 -0.9659625789539503 
-1.2669126473308043 -1.8062380738864223 -1.6355076181997426 -0.4041156308654281 -1.9050115970846642 -0.36377622935882525 -0.9965363119486863 -1.1794788756570909 -2.9629888858410616 -0.9659625789539503 
-1.2669126473308043 -1.8062380738864223 -1.6355076181997426 -0.4041156308654281 -1.9050115970846642 -0.36377622935882525 -0.9965363119486863 -1.1794788756570909 -2.9629888858410616 -0.9659625789539503 
-1.2669126473308043 -1.8062380738864223 -1.6355076181997426 -0.4041156308654281 -1.9050115970846642 -0.36377622935882525 -0.9965363119486863 -1.1794788756570909 -2.9629888858410616 -0.9659625789539503 
-1.2669126473308043 -1.8062380738864223 -1.6355076181997426 -0.4041156308654281 -1.9050115970846642 -0.36377622935882525 -0.9965363119486863 -1.1794788756570909 -2.9629888858410616 -0.9659625789539503 
-1.2669126473308043 -1.8062380738864223 -1.6355076181997426 -0.4041156308654281 -1.9050115970846642 -0.36377622935882525 -0.9965363119486863 -1.1794788756570909 -2.9629888858410616 -0.9659625789539503 
-1.2669126473308043 -1.8062380738864223 -1.6355076181997426 -0.4041156308654281 -1.9050115970846642 -0.36377622935882525 -0.9965363119486863 -1.1794788756570909 -2.9629888858410616 -0.9659625789539503 
-1.2669126473308043 -1.8062380738864223 -1.6355076181997426 -0.4041156308654281 -1.9050115970846642 -0.36377622935882525 -0.9965363119486863 -1.1794788756570909 -2.9629888858410616 -0.9659625789539503 
-1.2669126473308043 -1.8062380738864223 -1.6355076181997426 -0.4041156308654281 -1.9050115970846642 -0.36377622935882525 -0.9965363119486863 -1.1794788756570909 -2.9629888858410616 -0.9659625789539503 
-1.2669126473308043 -1.8062380738864223 -1.6355076181997426 -0.4041156308654281 -1.9050115970846642 -0.36377622935882525 -0.9965363119486863 -1.1794788756570909 -2.9629888858410616 -0.9659625789539503 
-1.2669126473308043 -1.8062380738864223 -1.6355076181997426 -0.4041156308654281 -1.9050115970846642 -0.36377622935882525 -0.9965363119486863 -1.1794788756570909 -2.9629888858410616 -0.9659625789539503 
-1.2669126473308043 -1.8062380738864223 -1.6355076181997426 -0.4041156308654281 -1.9050115970846642 -0.36377622935882525 -0.9965363119486863 -1.1794788756570909 -2.9629888858410616 -0.9659625789539503 
-1.2669126473308043 -1.8062380738864223 -1.6355076181997426 -0.4041156308654281 -1.9050115970846642 -0.36377622935882525 -0.9965363119486863 -1.1794788756570909 -2.9629888858410616 -0.9659625789539503 
-1.2669126473308043 -1.8062380738864223 -1.6355076181997426 -0.4041156308654281 -1.9050115970846642 -0.36377622935882525 -0.9965363119486863 -1.1794788756570909 -2.9629888858410616 -0.9659625789539503 
-1.2669126473308043 -1.8062380738864223 -1.6355076181997426 -0.4041156308654281 -1.9050115970846642 -0.36377622935882525 -0.9965363119486863 -1.1794788756570909 -2.9629888858410616 -0.9659625789539503 
-1.2669126473308043 -1.8062380738864223 -1.6355076181997426 -0.4041156308654281 -1.9050115970846642 -0.36377622935882525 -0.9965363119486863 -1.1794788756570909 -2.9629888858410616 -0.9659625789539503 
-1.2669126473308043 -1.8062380738864223 -1.6355076181997426 -0.4041156308654281 -1.9050115970846642 -0.36377622935882525 -0.9965363119486863 -1.1794788756570909 -2.9629888858410616 -0.9659625789539503 
-1.2669126473308043 -1.8062380738864223 -1.6355076181997426 -0.4041156308654281 -1.9050115970846642 -0.36377622935882525 -0.9965363119486863 -1.1794788756570909 -2.9629888858410616 -0.9659625789539503 
-1.2669126473308043 -1.8062380738864223 -1.6355076181997426 -0.4041156308654281 -1.9050115970846642 -0.36377622935882525 -0.9965363119486863 -1.1794788756570909 -2.9629888858410616 -0.9659625789539503 
-1.2669126473308043 -1.8062380738864223 -1.6355076181997426 -0.4041156308654281 -1.9050115970846642 -0.36377622935882525 -0.9965363119486863 -1.1794788756570909 -2.9629888858410616 -0.9659625789539503 
-1.2669126473308043 -1.8062380738864223 -1.6355076181997426 -0.4041156308654281 -1.9050115970846642 -0.36377622935882525 -0.9965363119486863 -1.1794788756570909 -2.9629888858410616 -0.9659625789539503 
-1.2669126473308043 -1.8062380738864223 -1.6355076181997426 -0.4041156308654281 -1.9050115970846642 -0.36377622935882525 -0.9965363119486863 -1.1794788756570909 -2.9629888858410616 -0.9659625789539503 
-1.2669126473308043 -1.8062380738864223 -1.6355076181997426 -0.4041156308654281 -1.9050115970846642 -0.36377622935882525 -0.9965363119486863 -1.1794788756570909 -2.9629888858410616 -0.9659625789539503 
-1.2669126473308043 -1.8062380738864223 -1.6355076181997426 -0.4041156308654281 -1.9050115970846642 -0.36377622935882525 -0.9965363119486863 -1.1794788756570909 -2.9629888858410616 -0.9659625789539503 
-1.2669126473308043 -1.8062380738864223 -1.6355076181997426 -0.4041156308654281 -1.9050115970846642 -0.36377622935882525 -0.9965363119486863 -1.1794788756570909 -2.9629888858410616 -0.9659625789539503 
-1.2669126473308043 -1.8062380738864223 -1.6355076181997426 -0.4041156308654281 -1.9050115970846642 -0.36377622935882525 -0.9965363119486863 -1.1794788756570909 -2.9629888858410616 -0.9659625789539503 
-1.2669126473308043 -1.8062380738864223 -1.6355076181997426 -0.4041156308654281 -1.9050115970846642 -0.36377622935882525 -0.9965363119486863 -1.1794788756570909 -2.9629888858410616 -0.9659625789539503 
-1.2669126473308043 -1.8062380738864223 -1.6355076181997426 -0.4041156308654281 -1.9050115970846642 -0.36377622935882525 -0.9965363119486863 -1.1794788756570909 -2.9629888858410616 -0.9659625789539503 
-1.2669126473308043 -1.8062380738864223 -1.6355076181997426 -0.4041156308654281 -1.9050115970846642 -0.6892547374695903 -0.9965363119486863 -1.1794788756570909 -2.9629888858410616 -0.9659625789539503 
-1.2669126473308043 -1.8062380738864223 -1.6355076181997426 -0.4041156308654281 -1.9050115970846642 -0.6892547374695903 -0.9965363119486863 -1.1794788756570909 -2.9629888858410616 -0.9659625789539503 
-1.2669126473308043 -1.8062380738864223 -1.6355076181997426 -0.4041156308654281 -1.9050115970846642 -0.6892547374695903 -0.9965363119486863 -1.1794788756570909 -2.9629888858410616 -0.9659625789539503 
-1.2669126473308043 -1.8062380738864223 -1.6355076181997426 -0.4041156308654281 -1.9050115970846642 -0.6892547374695903 -0.9965363119486863 -1.1794788756570909 -2.9629888858410616 -0.9659625789539503 
-1.2669126473308043 -1.8062380738864223 -1.6355076181997426 -0.4041156308654281 -1.9050115970846642 -0.6892547374695903 -0.9965363119486863 -1.1794788756570909 -2.9629888858410616 -0.9659625789539503 
-1.2669126473308043 -1.8062380738864223 -1.6355076181997426 -0.4041156308654281 -1.9050115970846642 -0.6892547374695903 -0.9965363119486863 -1.1794788756570909 -2.9629888858410616 -0.9659625789539503 
-1.2669126473308043 -1.8062380738864223 -1.6355076181997426 -0.4041156308654281 -1.9050115970846642 -0.6892547374695903 -0.9965363119486863 -1.1794788756570909 -2.9629888858410616 -0.9659625789539503 
-1.2669126473308043 -1.8062380738864223 -1.6355076181997426 -0.4041156308654281 -1.9050115970846642 -0.6892547374695903 -0.9965363119486863 -1.1794788756570909 -2.9629888858410616 -0.9659625789539503 
-1.2669126473308043 -1.8062380738864223 -1.6355076181997426 -0.4041156308654281 -1.9050115970846642 -0.6892547374695903 -0.9965363119486863 -1.1794788756570909 -2.9629888858410616 -0.9659625789539503 
-1.2669126473308043 -1.8062380738864223 -1.6355076181997426 -0.4041156308654281 -1.9050115970846642 -0.6892547374695903 -0.9965363119486863 -1.1794788756570909 -2.9629888858410616 -0.9659625789539503 
-1.2669126473308043 -1.8062380738864223 -1.6355076181997426 -0.4041156308654281 -1.9050115970846642 -0.6892547374695903 -0.9965363119486863 -1.1794788756570909 -2.9629888858410616 -0.9659625789539503 
-1.2669126473308043 -1.8062380738864223 -1.6355076181997426 -0.4041156308654281 -1.9050115970846642 -0.6892547374695903 -0.9965363119486863 -1.1794788756570909 -2.9629888858410616 -0.9659625789539503 
-1.2669126473308043 -1.8062380738864223 -1.6355076181997426 -0.4041156308654281 -1.9050115970846642 -0.6892547374695903 -0.9965363119486863 -1.1794788756570909 -2.9629888858410616 -0.9659625789539503 
-1.2669126473308043 -1.8062380738864223 -1.6355076181997426 -0.4041156308654281 -1.9050115970846642 -0.6892547374695903 -0.9965363119486863 -1.1794788756570909 -2.9629888858410616 -0.9659625789539503 
-1.2669126473308043 -1.8062380738864223 -1.6355076181997426 -0.4041156308654281 -1.9050115970846642 -0.6892547374695903 -0.9965363119486863 -1.1794788756570909 -2.9629888858410616 -0.9659625789539503 
-1.2669126473308043 -1.8062380738864223 -1.6355076181997426 -0.4041156308654281 -1.9050115970846642 -0.6892547374695903 -0.9965363119486863 -1.1794788756570909 -2.9629888858410616 -0.9659625789539503 
-1.2669126473308043 -1.8062380738864223 -1.6355076181997426 -0.4041156308654281 -1.9050115970846642 -0.6892547374695903 -0.9965363119486863 -1.1794788756570909 -2.9629888858410616 -0.9659625789539503 
-1.2669126473308043 -1.8062380738864223 -1.6355076181997426 -0.4041156308654281 -1.9050115970846642 -0.6892547374695903 -0.9965363119486863 -1.1794788756570909 -2.9629888858410616 -0.9659625789539503 
-1.2669126473308043 -1.8062380738864223 -1.6355076181997426 -0.4041156308654281 -1.9050115970846642 -0.6892547374695903 -0.9965363119486863 -1.1794788756570909 -2.9629888858410616 -0.9659625789539503 
-1.2669126473308043 -1.8062380738864223 -1.6355076181997426 -0.4041156308654281 -1.9050115970846642 -0.6892547374695903 -0.9965363119486863 -1.1794788756570909 -2.9629888858410616 -0.9659625789539503 
-1.2669126473308043 -1.8062380738864223 -1.6355076181997426 -0.4041156308654281 -1.9050115970846642 -0.6892547374695903 -0.9965363119486863 -1.1794788756570909 -2.9629888858410616 -0.9659625789539503 
-1.2669126473308043 -1.8062380738864223 -1.6355076181997426 -0.4041156308654281 -1.9050115970846642 -0.6892547374695903 -0.9965363119486863 -1.1794788756570909 -2.9629888858410616 -0.9659625789539503 
-1.2669126473308043 -1.8062380738864223 -1.6355076181997426 -0.4041156308654281 -1.9050115970846642 -0.6892547374695903 -0.9965363119486863 -1.1794788756570909 -2.9629888858410616 -0.9659625789539503 
-1.2669126473308043 -1.8062380738864223 -1.6355076181997426 -0.4041156308654281 -1.9050115970846642 -0.6892547374695903 -0.9965363119486863 -1.1794788756570909 -2.9629888858410616 -0.9659625789539503 
-1.5088811356795344 -1.8062380738864223 -1.6355076181997426 -0.4041156308654281 -1.9050115970846642 -0.6892547374695903 -0.9965363119486863 -1.1794788756570909 -2.9629888858410616 -0.9659625789539503 
-1.5088811356795344 -1.8062380738864223 -1.6355076181997426 -0.4041156308654281 -1.9050115970846642 -0.6892547374695903 -0.9965363119486863 -1.1794788756570909 -2.9629888858410616 -0.9659625789539503 
-1.5088811356795344 -1.8062380738864223 -1.6355076181997426 -0.4041156308654281 -1.9050115970846642 -0.6892547374695903 -0.9965363119486863 -1.1794788756570909 -2.9629888858410616 -0.9659625789539503 
-1.5088811356795344 -1.8062380738864223 -1.6355076181997426 -0.4041156308654281 -1.9050115970846642 -0.6892547374695903 -0.9965363119486863 -1.1794788756570909 -2.9629888858410616 -0.9659625789539503 
-1.5088811356795344 -1.8062380738864223 -1.6355076181997426 -0.4041156308654281 -1.9050115970846642 -0.6892547374695903 -0.9965363119486863 -1.1794788756570909 -2.9629888858410616 -0.9659625789539503 
-1.5088811356795344 -1.8062380738864223 -1.6355076181997426 -0.4041156308654281 -1.9050115970846642 -0.6892547374695903 -0.9965363119486863 -1.1794788756570909 -2.9629888858410616 -0.9659625789539503 
-1.5088811356795344 -1.8062380738864223 -1.6355076181997426 -0.4041156308654281 -1.9050115970846642 -0.6892547374695903 -0.9965363119486863 -1.1794788756570909 -2.9629888858410616 -0.9659625789539503 
-1.5088811356795344 -1.8062380738864223 -1.6355076181997426 -0.4041156308654281 -1.9050115970846642 -0.6892547374695903 -0.9965363119486863 -1.1794788756570909 -2.9629888858410616 -0.9659625789539503 
-1.5088811356795344 -1.8062380738864223 -1.6355076181997426 -0.4041156308654281 -1.9050115970846642 -0.6892547374695903 -0.9965363119486863 -1.1794788756570909 -2.9629888858410616 -0.9659625789539503 
-1.5088811356795344 -1.8062380738864223 -1.6355076181997426 -0.4041156308654281 -1.9050115970846642 -0.6892547374695903 -0.9965363119486863 -1.1794788756570909 -2.9629888858410616 -0.9659625789539503 
-1.5088811356795344 -1.8062380738864223 -1.6355076181997426 -0.4041156308654281 -1.9050115970846642 -0.6892547374695903 -0.9965363119486863 -1.1794788756570909 -2.9629888858410616 -0.9659625789539503 
-1.5088811356795344 -1.8062380738864223 -1.6355076181997426 -0.4041156308654281 -1.9050115970846642 -0.6892547374695903 -0.9965363119486863 -1.1794788756570909 -2.9629888858410616 -0.9659625789539503 
-1.5088811356795344 -1.8062380738864223 -1.6355076181997426 -0.4041156308654281 -1.9050115970846642 -0.6892547374695903 -0.9965363119486863 -1.1794788756570909 -2.9629888858410616 -0.9659625789539503 
-1.5088811356795344 -1.8062380738864223 -1.6355076181997426 -0.4041156308654281 -1.9050115970846642 -0.6892547374695903 -0.9965363119486863 -1.1794788756570909 -2.9629888858410616 -0.9659625789539503 
-1.5088811356795344 -1.8062380738864223 -1.6355076181997426 -0.4041156308654281 -1.9050115970846642 -0.6892547374695903 -0.9965363119486863 -1.1794788756570909 -2.9629888858410616 -0.9659625789539503 
-1.5088811356795344 -1.8062380738864223 -1.6355076181997426 -0.4041156308654281 -1.9050115970846642 -0.6892547374695903 -0.9965363119486863 -1.1794788756570909 -2.9629888858410616 -0.9659625789539503 
-1.5088811356795344 -1.8062380738864223 -1.6355076181997426 -0.4041156308654281 -1.9050115970846642 -0.6892547374695903 -0.9965363119486863 -1.1794788756570909 -2.9629888858410616 -0.9659625789539503 
-1.5088811356795344 -1.8062380738864223 -1.6355076181997426 -0.4041156308654281 -1.9050115970846642 -0.6892547374695903 -0.9965363119486863 -1.1794788756570909 -2.9629888858410616 -0.9659625789539503 
-1.5088811356795344 -1.8062380738864223 -1.6355076181997426 -0.4041156308654281 -1.9050115970846642 -0.6892547374695903 -0.9965363119486863 -1.1794788756570909 -2.9629888858410616 -0.9659625789539503 
-1.5088811356795344 -1.8062380738864223 -1.6355076181997426 -0.4041156308654281 -1.9050115970846642 -0.6892547374695903 -0.9965363119486863 -1.1794788756570909 -2.9629888858410616 -0.9659625789539503 
-1.5088811356795344 -1.8062380738864223 -1.6355076181997426 -0.4041156308654281 -1.9050115970846642 -0.6892547374695903 -0.9965363119486863 -1.1794788756570909 -2.9629888858410616 -0.9659625789539503 
-1.5088811356795344 -1.8062380738864223 -1.6355076181997426 -0.4041156308654281 -1.9050115970846642 -0.6892547374695903 -0.9965363119486863 -1.1794788756570909 -2.9629888858410616 -0.9659625789539503 
-1.5088811356795344 -1.8062380738864223 -1.6355076181997426 -0.4041156308654281 -1.9050115970846642 -0.6892547374695903 -0.9965363119486863 -1.1794788756570909 -2.9629888858410616 -0.9659625789539503 
-1.5088811356795344 -1.8062380738864223 -1.6355076181997426 -0.4041156308654281 -1.9050115970846642 -0.6892547374695903 -0.9965363119486863 -1.1794788756570909 -2.9629888858410616 -0.9659625789539503 
-1.5088811356795344 -1.8062380738864223 -1.6355076181997426 -0.4041156308654281 -1.9050115970846642 -0.6892547374695903 -0.9965363119486863 -1.1794788756570909 -2.9629888858410616 -0.9659625789539503 
-1.5088811356795344 -1.8062380738864223 -1.6355076181997426 -0.4041156308654281 -1.9050115970846642 -0.6892547374695903 -0.9965363119486863 -1.1794788756570909 -2.9629888858410616 -0.9659625789539503 
-1.5088811356795344 -1.8062380738864223 -1.6355076181997426 -0.4041156308654281 -1.9050115970846642 -0.6892547374695903 -0.9965363119486863 -1.1794788756570909 -2.9629888858410616 -0.9659625789539503 
-1.5088811356795344 -1.8062380738864223 -1.6355076181997426 -0.4041156308654281 -1.9050115970846642 -0.6892547374695903 -0.9965363119486863 -1.1794788756570909 -2.9629888858410616 -0.9659625789539503 
-1.5088811356795344 -1.8062380738864223 -1.6355076181997426 -0.4041156308654281 -1.9050115970846642 -0.6892547374695903 -0.9965363119486863 -1.1794788756570909 -2.9629888858410616 -0.9659625789539503 
-1.5088811356795344 -1.8062380738864223 -1.6355076181997426 -0.4041156308654281 -1.9050115970846642 -0.6892547374695903 -0.9965363119486863 -1.1794788756570909 -2.9629888858410616 -0.9659625789539503 
-1.5088811356795344 -1.8062380738864223 -1.6355076181997426 -0.4041156308654281 -1.9050115970846642 -0.6892547374695903 -0.9965363119486863 -1.1794788756570909 -2.9629888858410616 -0.9659625789539503 
-1.5088811356795344 -1.8062380738864223 -1.6355076181997426 -0.4041156308654281 -1.9050115970846642 -0.6892547374695903 -0.9965363119486863 -1.1794788756570909 -2.9629888858410616 -0.9659625789539503 
-1.5088811356795344 -1.8062380738864223 -1.6355076181997426 -0.4041156308654281 -1.9050115970846642 -0.6892547374695903 -0.9965363119486863 -1.1794788756570909 -2.9629888858410616 -0.9659625789539503 
-1.5088811356795344 -1.8062380738864223 -1.6355076181997426 -0.4041156308654281 -1.9050115970846642 -0.6892547374695903 -0.9965363119486863 -1.1794788756570909 -2.9629888858410616 -0.9659625789539503 
-1.6853167982993211 -1.8062380738864223 -1.6355076181997426 -0.4041156308654281 -1.9050115970846642 -0.6892547374695903 -0.9965363119486863 -1.1794788756570909 -2.9629888858410616 -0.9659625789539503 
-1.6853167982993211 -1.8062380738864223 -1.6355076181997426 -0.4041156308654281 -1.9050115970846642 -0.6892547374695903 -0.9965363119486863 -1.1794788756570909 -2.9629888858410616 -0.9659625789539503 
-1.6853167982993211 -1.8062380738864223 -1.6355076181997426 -0.4041156308654281 -1.9050115970846642 -0.6892547374695903 -0.9965363119486863 -1.1794788756570909 -2.9629888858410616 -0.9659625789539503 
-1.6853167982993211 -1.8062380738864223 -1.6355076181997426 -0.4041156308654281 -1.9050115970846642 -0.6892547374695903 -0.9965363119486863 -1.1794788756570909 -2.9629888858410616 -0.9659625789539503 
-1.6853167982993211 -1.8062380738864223 -1.6355076181997426 -0.4041156308654281 -1.9050115970846642 -0.6892547374695903 -0.9965363119486863 -1.1794788756570909 -2.9629888858410616 -0.9659625789539503 
-1.6853167982993211 -1.8062380738864223 -1.6355076181997426 -0.4041156308654281 -1.9050115970846642 -0.6892547374695903 -0.9965363119486863 -1.1794788756570909 -2.9629888858410616 -0.9659625789539503 
-1.6853167982993211 -1.8062380738864223 -1.6355076181997426 -0.4041156308654281 -1.9050115970846642 -0.6892547374695903 -0.9965363119486863 -1.1794788756570909 -2.9629888858410616 -0.9659625789539503 
-1.6853167982993211 -1.8062380738864223 -1.6355076181997426 -0.4041156308654281 -1.9050115970846642 -0.6892547374695903 -0.9965363119486863 -1.1794788756570909 -2.9629888858410616 -0.9659625789539503 
-1.6853167982993211 -1.8062380738864223 -1.6355076181997426 -0.4041156308654281 -1.9050115970846642 -0.6892547374695903 -0.9965363119486863 -1.1794788756570909 -2.9629888858410616 -0.9659625789539503 
-1.6853167982993211 -1.8062380738864223 -1.6355076181997426 -0.4041156308654281 -1.9050115970846642 -0.6892547374695903 -0.9965363119486863 -1.1794788756570909 -2.9629888858410616 -0.9659625789539503 
-1.6853167982993211 -1.8062380738864223 -1.6355076181997426 -0.4041156308654281 -1.9050115970846642 -0.6892547374695903 -0.9965363119486863 -1.1794788756570909 -2.9629888858410616 -0.9659625789539503 
-1.6853167982993211 -1.8062380738864223 -1.6355076181997426 -0.4041156308654281 -1.9050115970846642 -0.6892547374695903 -0.9965363119486863 -1.1794788756570909 -2.9629888858410616 -0.9659625789539503 
-1.6853167982993211 -1.8062380738864223 -1.6355076181997426 -0.4041156308654281 -1.9050115970846642 -0.6892547374695903 -0.9965363119486863 -1.1794788756570909 -2.9629888858410616 -0.9659625789539503 
-1.6853167982993211 -1.8062380738864223 -1.6355076181997426 -0.4041156308654281 -1.9050115970846642 -0.6892547374695903 -0.9965363119486863 -1.1794788756570909 -2.9629888858410616 -0.9659625789539503 
