0.44185398923928587 1.2515321243272401 0.459450112162426 2.1471893976579595 1.2299540859878344 1.4391478546833285 0.599451342802931 0.6021868570843584 0.14923612882553255 0.9929357621818027 
0.39262039910953134 0.9724718881883336 0.45248356438930837 -0.020930539025722728 0.4980515999398337 0.8997875511278619 0.32895682220844547 0.5030322011537285 0.14923612882553255 0.5744402587648438 
0.3755307120054684 0.7029435188429495 0.45248356438930837 -0.020930539025722728 0.4837056062107975 0.8997875511278619 -0.1365139623377435 0.2842900774667015 -0.18512012454660576 0.5744402587648438 
0.3755307120054684 0.4877922031023849 -0.6396996405872358 -0.020930539025722728 0.3822250082777383 0.10001930237927575 -0.1365139623377435 0.011177513327547628 -0.18512012454660576 0.5744402587648438 
0.30199581345467325 0.4877922031023849 -0.6396996405872358 -0.020930539025722728 0.3822250082777383 0.10001930237927575 -0.36484847276815296 0.011177513327547628 -0.18512012454660576 0.5744402587648438 
0.30199581345467325 0.4877922031023849 -0.6396996405872358 -0.020930539025722728 0.3822250082777383 0.10001930237927575 -0.6169376940282639 0.011177513327547628 -0.3715824225003826 0.5744402587648438 
-1.1159978755512734 1.100768179028445 0.2503476327189454 0.47193308915488297 0.7955654845440511 0.9047820163536311 0.2788356792503413 1.3923087030415695 0.4508449837731974 0.7321308011823406 
-1.4860343606157609 1.0682730290582048 0.2503476327189454 0.2902758592172695 0.5963579307931206 0.9047820163536311 0.2788356792503413 0.9444565754673663 0.4508449837731974 0.038361778207988584 
-1.4860343606157609 0.9463666625228458 0.2503476327189454 0.2902758592172695 0.5963579307931206 0.8784846814714761 0.2788356792503413 0.11414734229801068 0.4508449837731974 -1.256685742598712 
-1.4860343606157609 0.9463666625228458 -0.48623196701781424 0.2902758592172695 0.5963579307931206 0.8784846814714761 0.2788356792503413 0.11414734229801068 0.4508449837731974 -1.256685742598712 
-1.4860343606157609 0.9184824338344318 -0.48623196701781424 0.2902758592172695 0.5963579307931206 0.6664282220026854 0.2788356792503413 0.11414734229801068 0.4508449837731974 -1.256685742598712 
-1.4860343606157609 0.812350424747309 -0.48623196701781424 -0.33958611997511706 0.5963579307931206 0.6664282220026854 0.2788356792503413 0.11414734229801068 0.4508449837731974 -1.256685742598712 
-1.4860343606157609 0.812350424747309 -0.5673995514142969 -0.33958611997511706 0.4249236388969834 0.029227667223134968 0.2788356792503413 0.11414734229801068 0.4508449837731974 -1.256685742598712 
-1.731054402536137 0.812350424747309 -0.5673995514142969 -0.33958611997511706 0.4249236388969834 0.029227667223134968 0.2788356792503413 0.11414734229801068 0.4508449837731974 -1.256685742598712 
-1.731054402536137 0.812350424747309 -0.5673995514142969 -0.33958611997511706 0.16996248176574114 0.029227667223134968 0.2788356792503413 0.11414734229801068 0.4508449837731974 -1.256685742598712 
-1.731054402536137 0.812350424747309 -0.5673995514142969 -0.33958611997511706 0.16996248176574114 0.029227667223134968 0.022698642741782682 0.11414734229801068 0.4508449837731974 -1.256685742598712 
-1.731054402536137 0.6563358185187314 -0.5673995514142969 -0.9839558650162612 0.16996248176574114 0.029227667223134968 0.022698642741782682 0.11414734229801068 0.4508449837731974 -1.256685742598712 
-1.731054402536137 0.6563358185187314 -0.5673995514142969 -0.9839558650162612 0.16996248176574114 0.029227667223134968 0.022698642741782682 0.11414734229801068 0.4508449837731974 -1.256685742598712 
-1.731054402536137 0.6563358185187314 -1.197937925544589 -0.9839558650162612 0.011234422117947451 0.029227667223134968 0.022698642741782682 0.11414734229801068 0.4508449837731974 -1.256685742598712 
-1.731054402536137 0.6563358185187314 -1.197937925544589 -0.9839558650162612 0.011234422117947451 0.029227667223134968 0.022698642741782682 0.11414734229801068 0.4508449837731974 -1.256685742598712 
-1.731054402536137 0.6563358185187314 -1.197937925544589 -0.9839558650162612 0.011234422117947451 0.029227667223134968 0.022698642741782682 0.11414734229801068 0.4508449837731974 -1.256685742598712 
-1.731054402536137 0.6563358185187314 -1.197937925544589 -0.9839558650162612 0.011234422117947451 0.029227667223134968 0.022698642741782682 0.11414734229801068 0.4508449837731974 -1.256685742598712 
-1.731054402536137 0.6563358185187314 -1.197937925544589 -0.9839558650162612 0.011234422117947451 0.029227667223134968 0.022698642741782682 0.11414734229801068 0.4508449837731974 -1.256685742598712 
-1.731054402536137 0.6563358185187314 -1.197937925544589 -0.9999627499815105 0.011234422117947451 0.029227667223134968 0.022698642741782682 0.11414734229801068 0.3796912033045714 -1.256685742598712 
-1.731054402536137 0.6563358185187314 -1.197937925544589 -0.9999627499815105 0.011234422117947451 0.029227667223134968 0.022698642741782682 0.11414734229801068 0.3796912033045714 -1.256685742598712 
-1.731054402536137 0.6563358185187314 -1.197937925544589 -0.9999627499815105 0.011234422117947451 0.029227667223134968 0.022698642741782682 0.11414734229801068 0.3796912033045714 -1.256685742598712 
-1.731054402536137 0.6563358185187314 -1.197937925544589 -0.9999627499815105 0.011234422117947451 0.029227667223134968 0.022698642741782682 0.11414734229801068 0.3796912033045714 -1.256685742598712 
-1.731054402536137 0.6563358185187314 -1.197937925544589 -0.9999627499815105 0.011234422117947451 0.029227667223134968 0.022698642741782682 0.11414734229801068 0.3796912033045714 -1.256685742598712 
-1.731054402536137 0.6563358185187314 -1.197937925544589 -0.9999627499815105 0.011234422117947451 0.029227667223134968 0.022698642741782682 0.11414734229801068 0.3796912033045714 -1.256685742598712 
-1.731054402536137 0.6563358185187314 -1.197937925544589 -0.9999627499815105 0.011234422117947451 0.029227667223134968 0.022698642741782682 0.11414734229801068 0.3796912033045714 -1.256685742598712 
-1.731054402536137 0.6563358185187314 -1.197937925544589 -0.9999627499815105 0.011234422117947451 0.029227667223134968 0.022698642741782682 0.11414734229801068 0.3796912033045714 -1.256685742598712 
-1.731054402536137 0.6563358185187314 -1.197937925544589 -0.9999627499815105 0.011234422117947451 0.029227667223134968 0.022698642741782682 0.11414734229801068 0.3796912033045714 -1.3868738947779111 
-1.731054402536137 0.6563358185187314 -1.197937925544589 -0.9999627499815105 0.011234422117947451 0.029227667223134968 0.022698642741782682 0.11414734229801068 0.3796912033045714 -1.3868738947779111 
-1.731054402536137 0.6563358185187314 -1.197937925544589 -0.9999627499815105 0.011234422117947451 0.029227667223134968 0.022698642741782682 0.11414734229801068 0.2564453800807268 -1.3868738947779111 
-1.731054402536137 0.6563358185187314 -1.197937925544589 -0.9999627499815105 0.011234422117947451 0.029227667223134968 -1.12276992805084 0.11414734229801068 0.2564453800807268 -1.3868738947779111 
-1.731054402536137 0.6563358185187314 -1.197937925544589 -0.9999627499815105 0.011234422117947451 0.029227667223134968 -1.12276992805084 0.11414734229801068 0.2564453800807268 -1.3868738947779111 
-1.731054402536137 0.6563358185187314 -1.197937925544589 -0.9999627499815105 0.011234422117947451 0.029227667223134968 -1.12276992805084 0.11414734229801068 0.2564453800807268 -1.4497310713080531 
-1.731054402536137 0.6563358185187314 -1.197937925544589 -0.9999627499815105 0.011234422117947451 0.029227667223134968 -1.6457943972962705 0.11414734229801068 0.2564453800807268 -1.4497310713080531 
-1.731054402536137 0.6563358185187314 -1.197937925544589 -0.9999627499815105 0.011234422117947451 0.029227667223134968 -1.6457943972962705 0.11414734229801068 0.2564453800807268 -1.4497310713080531 
-1.731054402536137 0.6563358185187314 -1.197937925544589 -0.9999627499815105 0.011234422117947451 0.029227667223134968 -1.6457943972962705 0.11414734229801068 -0.3977416987475152 -1.4497310713080531 
-1.731054402536137 0.6563358185187314 -1.197937925544589 -0.9999627499815105 0.011234422117947451 0.029227667223134968 -1.6457943972962705 0.11414734229801068 -0.3977416987475152 -1.4497310713080531 
-1.731054402536137 0.6563358185187314 -1.197937925544589 -0.9999627499815105 0.011234422117947451 -0.4458989553589962 -1.6457943972962705 0.11414734229801068 -0.3977416987475152 -1.4497310713080531 
-1.731054402536137 0.6563358185187314 -1.197937925544589 -0.9999627499815105 0.011234422117947451 -0.4458989553589962 -1.6457943972962705 0.11414734229801068 -0.3977416987475152 -1.4497310713080531 
-1.731054402536137 0.6563358185187314 -1.197937925544589 -0.9999627499815105 0.011234422117947451 -0.886129817377739 -1.6457943972962705 0.11414734229801068 -0.3977416987475152 -1.4497310713080531 
-2.835775179139838 0.6563358185187314 -1.197937925544589 -0.9999627499815105 0.011234422117947451 -0.886129817377739 -1.6457943972962705 0.11414734229801068 -0.3977416987475152 -1.4497310713080531 
-2.835775179139838 0.6500195807521219 -1.197937925544589 -0.9999627499815105 0.011234422117947451 -0.886129817377739 -1.6457943972962705 0.11414734229801068 -0.3977416987475152 -1.4497310713080531 
-2.835775179139838 0.6500195807521219 -1.197937925544589 -0.9999627499815105 0.011234422117947451 -0.886129817377739 -1.6457943972962705 0.11414734229801068 -0.3977416987475152 -1.4497310713080531 
-2.835775179139838 0.6500195807521219 -1.197937925544589 -0.9999627499815105 0.011234422117947451 -0.886129817377739 -1.6457943972962705 0.11414734229801068 -0.3977416987475152 -1.4497310713080531 
-2.835775179139838 0.6118984567364608 -1.197937925544589 -0.9999627499815105 0.011234422117947451 -0.886129817377739 -1.6457943972962705 0.11414734229801068 -0.3977416987475152 -1.4497310713080531 
-2.835775179139838 0.20936430050755017 -1.197937925544589 -1.4365853427913948 0.011234422117947451 -0.886129817377739 -1.6457943972962705 0.11414734229801068 -0.3977416987475152 -1.4497310713080531 
-2.835775179139838 0.20936430050755017 -1.197937925544589 -1.4365853427913948 0.011234422117947451 -0.886129817377739 -1.6457943972962705 0.11414734229801068 -0.3977416987475152 -1.4497310713080531 
-2.835775179139838 0.20936430050755017 -1.197937925544589 -1.4365853427913948 0.011234422117947451 -0.886129817377739 -1.6457943972962705 0.11414734229801068 -0.3977416987475152 -1.4497310713080531 
-2.835775179139838 0.20936430050755017 -1.197937925544589 -1.4365853427913948 0.011234422117947451 -0.886129817377739 -1.6457943972962705 0.11414734229801068 -0.3977416987475152 -1.4497310713080531 
-2.835775179139838 -0.33176282065253 -1.197937925544589 -1.4365853427913948 0.011234422117947451 -0.886129817377739 -1.6457943972962705 0.11414734229801068 -0.3977416987475152 -1.4497310713080531 
-2.835775179139838 -0.33176282065253 -1.197937925544589 -1.4365853427913948 0.011234422117947451 -0.886129817377739 -1.6457943972962705 0.11414734229801068 -0.3977416987475152 -1.4497310713080531 
-2.835775179139838 -0.33176282065253 -1.197937925544589 -1.4365853427913948 -0.9004725805920472 -0.886129817377739 -1.6457943972962705 0.11414734229801068 -0.3977416987475152 -1.4497310713080531 
-2.835775179139838 -0.33176282065253 -1.197937925544589 -1.4365853427913948 -0.9004725805920472 -0.886129817377739 -1.6457943972962705 0.11414734229801068 -0.3977416987475152 -1.4497310713080531 
-2.835775179139838 -0.33176282065253 -1.197937925544589 -1.4365853427913948 -0.9004725805920472 -0.886129817377739 -1.6457943972962705 0.11414734229801068 -0.3977416987475152 -1.4497310713080531 
-2.835775179139838 -0.33176282065253 -1.197937925544589 -1.4365853427913948 -0.9004725805920472 -0.886129817377739 -1.6457943972962705 0.11414734229801068 -0.3977416987475152 -1.4497310713080531 
-2.835775179139838 -0.33176282065253 -1.197937925544589 -1.4365853427913948 -0.9004725805920472 -0.886129817377739 -1.6457943972962705 0.11414734229801068 -0.3977416987475152 -1.4497310713080531 
-2.835775179139838 -0.33176282065253 -1.197937925544589 -1.4365853427913948 -0.9004725805920472 -0.886129817377739 -1.6457943972962705 0.11414734229801068 -0.3977416987475152 -1.4497310713080531 
-2.835775179139838 -0.33176282065253 -1.197937925544589 -1.4365853427913948 -0.9004725805920472 -0.886129817377739 -1.6457943972962705 0.11414734229801068 -0.3977416987475152 -1.4497310713080531 
-2.835775179139838 -0.33176282065253 -1.197937925544589 -1.4365853427913948 -0.9004725805920472 -0.886129817377739 -1.6457943972962705 0.11414734229801068 -0.3977416987475152 -1.4497310713080531 
-2.835775179139838 -0.33176282065253 -1.197937925544589 -1.4365853427913948 -0.9004725805920472 -0.886129817377739 -1.6457943972962705 0.11414734229801068 -0.3977416987475152 -1.4497310713080531 
-2.835775179139838 -0.33176282065253 -1.197937925544589 -1.4365853427913948 -0.9004725805920472 -0.917770149545227 -1.6457943972962705 0.11414734229801068 -0.3977416987475152 -1.4497310713080531 
-2.835775179139838 -0.33176282065253 -1.197937925544589 -1.4365853427913948 -0.9004725805920472 -0.917770149545227 -1.6457943972962705 0.11414734229801068 -0.3977416987475152 -1.4497310713080531 
-2.835775179139838 -0.33176282065253 -1.197937925544589 -1.4365853427913948 -0.9004725805920472 -0.917770149545227 -1.6457943972962705 0.11414734229801068 -0.3977416987475152 -1.4497310713080531 
-2.835775179139838 -0.33176282065253 -1.197937925544589 -1.4365853427913948 -0.9004725805920472 -0.917770149545227 -1.6457943972962705 0.11414734229801068 -0.3977416987475152 -1.4497310713080531 
-2.835775179139838 -0.33176282065253 -1.197937925544589 -1.4365853427913948 -0.9004725805920472 -0.917770149545227 -1.6457943972962705 0.11414734229801068 -0.3977416987475152 -1.4497310713080531 
-2.835775179139838 -0.33176282065253 -1.197937925544589 -1.4365853427913948 -0.9004725805920472 -0.917770149545227 -1.6457943972962705 0.11414734229801068 -0.3977416987475152 -1.4497310713080531 
-2.835775179139838 -0.33176282065253 -1.197937925544589 -1.4365853427913948 -0.9004725805920472 -0.917770149545227 -1.6457943972962705 0.11414734229801068 -0.3977416987475152 -1.4497310713080531 
-2.835775179139838 -0.33176282065253 -1.197937925544589 -1.4365853427913948 -0.9004725805920472 -0.917770149545227 -1.6457943972962705 0.11414734229801068 -0.3977416987475152 -1.4497310713080531 
-2.835775179139838 -0.33176282065253 -1.197937925544589 -1.4365853427913948 -0.9004725805920472 -0.917770149545227 -1.6457943972962705 0.11414734229801068 -0.3977416987475152 -1.4497310713080531 
-2.835775179139838 -0.33176282065253 -1.197937925544589 -1.4365853427913948 -0.9004725805920472 -0.917770149545227 -1.6457943972962705 0.11414734229801068 -0.3977416987475152 -1.4497310713080531 
-2.835775179139838 -0.33176282065253 -1.197937925544589 -1.4365853427913948 -0.9004725805920472 -0.917770149545227 -1.6457943972962705 0.11414734229801068 -0.3977416987475152 -1.4497310713080531 
-2.835775179139838 -0.33176282065253 -1.197937925544589 -1.4365853427913948 -0.9004725805920472 -0.917770149545227 -1.6457943972962705 0.11414734229801068 -0.3977416987475152 -1.4497310713080531 
-2.835775179139838 -0.33176282065253 -1.197937925544589 -1.4365853427913948 -0.9004725805920472 -0.917770149545227 -1.6457943972962705 0.11414734229801068 -0.3977416987475152 -1.4497310713080531 
-2.835775179139838 -0.33176282065253 -1.197937925544589 -1.4365853427913948 -0.9004725805920472 -0.917770149545227 -1.6457943972962705 0.11414734229801068 -0.3977416987475152 -1.4497310713080531 
-2.835775179139838 -0.33176282065253 -1.6268598298411332 -1.4365853427913948 -0.9004725805920472 -0.917770149545227 -1.6457943972962705 0.11414734229801068 -0.3977416987475152 -1.4497310713080531 
-2.835775179139838 -0.33176282065253 -1.6268598298411332 -1.4365853427913948 -0.9004725805920472 -0.917770149545227 -1.6457943972962705 0.11414734229801068 -0.3977416987475152 -1.4497310713080531 
-2.835775179139838 -0.33176282065253 -1.6268598298411332 -1.4365853427913948 -0.9004725805920472 -0.917770149545227 -1.6457943972962705 0.11414734229801068 -0.3977416987475152 -1.4497310713080531 
-2.835775179139838 -0.33176282065253 -1.6268598298411332 -1.4365853427913948 -0.9004725805920472 -0.917770149545227 -1.6457943972962705 0.11414734229801068 -0.976039477323522 -1.4497310713080531 
-2.835775179139838 -0.33176282065253 -1.6268598298411332 -1.4365853427913948 -0.9004725805920472 -0.917770149545227 -1.6457943972962705 0.11414734229801068 -0.976039477323522 -1.4497310713080531 
-2.835775179139838 -0.33176282065253 -1.6268598298411332 -1.4365853427913948 -0.9004725805920472 -0.917770149545227 -1.6457943972962705 0.11414734229801068 -0.976039477323522 -1.4497310713080531 
-2.835775179139838 -0.33176282065253 -1.6268598298411332 -1.4365853427913948 -1.8337013027083024 -0.917770149545227 -1.6457943972962705 0.11414734229801068 -0.976039477323522 -1.4497310713080531 
-2.835775179139838 -0.33176282065253 -1.6268598298411332 -1.4365853427913948 -1.8337013027083024 -0.917770149545227 -1.6457943972962705 0.11414734229801068 -0.976039477323522 -1.4497310713080531 
-2.835775179139838 -0.33176282065253 -1.6268598298411332 -1.4365853427913948 -1.8337013027083024 -0.917770149545227 -1.6457943972962705 0.11414734229801068 -0.976039477323522 -1.4497310713080531 
-2.835775179139838 -0.33176282065253 -1.6268598298411332 -1.4365853427913948 -1.8337013027083024 -0.917770149545227 -1.6457943972962705 0.11414734229801068 -0.976039477323522 -1.4497310713080531 
-2.835775179139838 -0.33176282065253 -1.6268598298411332 -1.4365853427913948 -1.8337013027083024 -0.917770149545227 -1.6457943972962705 0.11414734229801068 -0.976039477323522 -1.4497310713080531 
-2.835775179139838 -0.33176282065253 -1.6268598298411332 -1.4365853427913948 -1.8337013027083024 -0.917770149545227 -1.6457943972962705 0.11414734229801068 -0.976039477323522 -1.4497310713080531 
-2.835775179139838 -0.33176282065253 -1.6268598298411332 -1.4365853427913948 -1.8337013027083024 -0.917770149545227 -1.6457943972962705 0.11414734229801068 -0.976039477323522 -1.4497310713080531 
-2.835775179139838 -0.33176282065253 -1.6268598298411332 -1.4365853427913948 -1.8337013027083024 -0.917770149545227 -1.6457943972962705 0.11414734229801068 -1.059414939570965 -1.4497310713080531 
-2.835775179139838 -0.33176282065253 -1.6268598298411332 -1.4365853427913948 -1.8337013027083024 -0.917770149545227 -1.6457943972962705 0.11414734229801068 -1.059414939570965 -1.4497310713080531 
-2.835775179139838 -0.33176282065253 -1.6268598298411332 -1.4365853427913948 -1.8337013027083024 -0.917770149545227 -1.6457943972962705 0.11414734229801068 -1.059414939570965 -1.4497310713080531 
-2.835775179139838 -0.33176282065253 -1.6268598298411332 -1.4365853427913948 -1.8337013027083024 -0.917770149545227 -1.6457943972962705 0.11414734229801068 -1.059414939570965 -1.4497310713080531 
-2.835775179139838 -0.33176282065253 -1.6268598298411332 -1.4365853427913948 -1.8337013027083024 -0.917770149545227 -1.6457943972962705 0.11414734229801068 -1.059414939570965 -1.7182125402983535 
-2.835775179139838 -0.33176282065253 -1.6268598298411332 -1.4365853427913948 -1.8337013027083024 -0.917770149545227 -1.6457943972962705 0.11414734229801068 -1.059414939570965 -1.7182125402983535 
-2.835775179139838 -0.33176282065253 -1.6268598298411332 -1.4365853427913948 -1.8337013027083024 -0.917770149545227 -1.6457943972962705 0.11414734229801068 -1.059414939570965 -1.7182125402983535 
-2.835775179139838 -0.33176282065253 -1.6268598298411332 -1.4365853427913948 -1.8337013027083024 -0.917770149545227 -1.6457943972962705 0.11414734229801068 -1.059414939570965 -1.7182125402983535 
-2.835775179139838 -0.33176282065253 -1.6268598298411332 -1.4365853427913948 -1.8337013027083024 -0.917770149545227 -1.6457943972962705 0.11414734229801068 -1.059414939570965 -1.7182125402983535 
-2.835775179139838 -0.33176282065253 -1.6268598298411332 -1.4365853427913948 -1.8337013027083024 -0.917770149545227 -1.6457943972962705 0.11414734229801068 -1.059414939570965 -1.7182125402983535 
-2.835775179139838 -0.33176282065253 -1.6268598298411332 -1.4365853427913948 -1.8337013027083024 -0.917770149545227 -1.6457943972962705 0.11414734229801068 -1.059414939570965 -1.7182125402983535 
-2.835775179139838 -0.33176282065253 -1.6268598298411332 -1.4365853427913948 -1.8337013027083024 -0.917770149545227 -1.6457943972962705 0.11414734229801068 -1.059414939570965 -1.7182125402983535 
-2.835775179139838 -0.33176282065253 -1.6268598298411332 -1.4365853427913948 -1.8337013027083024 -0.917770149545227 -1.6457943972962705 0.11414734229801068 -1.059414939570965 -1.7182125402983535 
-2.835775179139838 -0.33176282065253 -1.6268598298411332 -1.4365853427913948 -1.8337013027083024 -0.917770149545227 -1.6457943972962705 0.11414734229801068 -1.059414939570965 -1.7182125402983535 
-2.835775179139838 -0.33176282065253 -1.6268598298411332 -1.4365853427913948 -1.8337013027083024 -0.917770149545227 -1.6457943972962705 0.11414734229801068 -1.059414939570965 -1.7182125402983535 
-2.835775179139838 -0.33176282065253 -1.6268598298411332 -1.4365853427913948 -1.8337013027083024 -0.917770149545227 -1.6457943972962705 0.11414734229801068 -1.059414939570965 -1.7182125402983535 
-2.835775179139838 -0.33176282065253 -1.6268598298411332 -1.4365853427913948 -1.8337013027083024 -0.917770149545227 -1.6457943972962705 0.11414734229801068 -1.059414939570965 -1.7182125402983535 
-2.835775179139838 -0.33176282065253 -1.6268598298411332 -1.4365853427913948 -1.8337013027083024 -0.917770149545227 -1.6457943972962705 0.11414734229801068 -1.059414939570965 -1.7182125402983535 
-2.835775179139838 -0.33176282065253 -1.6268598298411332 -1.4365853427913948 -1.8337013027083024 -0.917770149545227 -1.6457943972962705 0.11414734229801068 -1.059414939570965 -1.7182125402983535 
-2.835775179139838 -0.33176282065253 -1.6268598298411332 -1.4365853427913948 -1.8337013027083024 -0.917770149545227 -1.6457943972962705 0.11414734229801068 -1.059414939570965 -1.7182125402983535 
-2.835775179139838 -0.33176282065253 -1.6268598298411332 -1.4365853427913948 -1.8337013027083024 -0.917770149545227 -1.6457943972962705 0.11414734229801068 -1.059414939570965 -1.7182125402983535 
-2.835775179139838 -0.33176282065253 -1.6268598298411332 -1.4365853427913948 -1.8337013027083024 -0.917770149545227 -1.6457943972962705 0.11414734229801068 -1.059414939570965 -1.7182125402983535 
-2.835775179139838 -0.33176282065253 -1.6268598298411332 -1.4365853427913948 -1.8337013027083024 -0.917770149545227 -1.6457943972962705 0.11414734229801068 -1.059414939570965 -1.7182125402983535 
-2.835775179139838 -0.33176282065253 -1.6268598298411332 -1.4365853427913948 -1.8337013027083024 -0.917770149545227 -1.6457943972962705 0.11414734229801068 -1.059414939570965 -1.7182125402983535 
-2.835775179139838 -0.33176282065253 -1.6268598298411332 -1.4365853427913948 -1.8337013027083024 -0.917770149545227 -1.6457943972962705 0.11414734229801068 -1.059414939570965 -1.7182125402983535 
-2.835775179139838 -0.33176282065253 -1.6268598298411332 -1.4365853427913948 -1.8337013027083024 -0.917770149545227 -1.6457943972962705 0.11414734229801068 -1.059414939570965 -1.7182125402983535 
-2.835775179139838 -0.33176282065253 -1.6268598298411332 -1.4365853427913948 -1.8337013027083024 -0.917770149545227 -1.6457943972962705 0.11414734229801068 -1.059414939570965 -1.7182125402983535 
-2.835775179139838 -0.33176282065253 -1.6268598298411332 -1.4365853427913948 -1.8337013027083024 -0.917770149545227 -1.6457943972962705 0.11414734229801068 -1.059414939570965 -1.7182125402983535 
-2.835775179139838 -0.33176282065253 -1.6268598298411332 -1.4365853427913948 -1.8337013027083024 -0.917770149545227 -1.6457943972962705 0.11414734229801068 -1.059414939570965 -1.7182125402983535 
-2.835775179139838 -0.33176282065253 -1.6268598298411332 -1.4365853427913948 -1.8337013027083024 -0.917770149545227 -1.6457943972962705 0.11414734229801068 -1.059414939570965 -1.7182125402983535 
-2.835775179139838 -0.33176282065253 -1.6268598298411332 -1.4365853427913948 -1.8337013027083024 -0.917770149545227 -1.6457943972962705 0.11414734229801068 -1.059414939570965 -1.7182125402983535 
-2.835775179139838 -0.33176282065253 -1.6268598298411332 -1.4365853427913948 -1.8337013027083024 -0.917770149545227 -1.6457943972962705 0.11414734229801068 -1.059414939570965 -1.7182125402983535 
-2.835775179139838 -0.33176282065253 -1.6268598298411332 -1.4365853427913948 -1.8337013027083024 -0.917770149545227 -1.6457943972962705 0.11414734229801068 -1.059414939570965 -1.7182125402983535 
-2.835775179139838 -0.33176282065253 -1.6268598298411332 -1.4365853427913948 -1.8337013027083024 -0.917770149545227 -1.6457943972962705 0.11414734229801068 -1.059414939570965 -1.7182125402983535 
-2.835775179139838 -0.33176282065253 -1.6268598298411332 -1.4365853427913948 -1.8337013027083024 -0.917770149545227 -1.6457943972962705 0.11414734229801068 -1.059414939570965 -1.7182125402983535 
-2.835775179139838 -0.33176282065253 -1.6268598298411332 -1.4365853427913948 -1.8337013027083024 -0.917770149545227 -1.6457943972962705 0.11414734229801068 -1.059414939570965 -1.7182125402983535 
-2.835775179139838 -0.33176282065253 -1.6268598298411332 -1.4365853427913948 -1.8337013027083024 -0.917770149545227 -1.6457943972962705 0.11414734229801068 -1.059414939570965 -1.7182125402983535 
-2.835775179139838 -0.33176282065253 -1.6268598298411332 -1.4365853427913948 -1.8337013027083024 -0.917770149545227 -1.6457943972962705 0.11414734229801068 -2.385543333232185 -1.7182125402983535 
-2.835775179139838 -0.33176282065253 -1.6268598298411332 -1.4365853427913948 -1.8337013027083024 -0.917770149545227 -1.6457943972962705 0.11414734229801068 -2.385543333232185 -1.7182125402983535 
-2.835775179139838 -0.33176282065253 -1.6268598298411332 -1.4365853427913948 -1.8337013027083024 -0.917770149545227 -1.6457943972962705 0.11414734229801068 -2.385543333232185 -1.7182125402983535 
-2.835775179139838 -0.33176282065253 -1.6268598298411332 -1.4365853427913948 -1.8337013027083024 -0.917770149545227 -1.6457943972962705 0.11414734229801068 -2.385543333232185 -1.7182125402983535 
-2.835775179139838 -0.33176282065253 -1.6268598298411332 -1.4365853427913948 -1.8337013027083024 -0.917770149545227 -1.6457943972962705 0.11414734229801068 -2.385543333232185 -1.7182125402983535 
-2.835775179139838 -0.33176282065253 -1.6268598298411332 -1.4365853427913948 -1.8337013027083024 -0.917770149545227 -1.6457943972962705 0.11414734229801068 -2.385543333232185 -1.7182125402983535 
-2.835775179139838 -0.33176282065253 -1.6268598298411332 -1.4365853427913948 -1.8337013027083024 -0.917770149545227 -1.6457943972962705 0.11414734229801068 -2.385543333232185 -1.7182125402983535 
-2.835775179139838 -0.33176282065253 -1.6268598298411332 -1.5933719393534342 -1.8337013027083024 -0.917770149545227 -1.6457943972962705 0.11414734229801068 -2.385543333232185 -1.7182125402983535 
-2.835775179139838 -0.33176282065253 -1.6268598298411332 -1.5933719393534342 -1.8337013027083024 -0.917770149545227 -1.6457943972962705 0.11414734229801068 -2.385543333232185 -1.7182125402983535 
-2.835775179139838 -0.33176282065253 -1.6268598298411332 -1.5933719393534342 -1.8337013027083024 -0.917770149545227 -1.6457943972962705 0.11414734229801068 -2.385543333232185 -1.7182125402983535 
-2.835775179139838 -0.33176282065253 -1.6268598298411332 -1.5933719393534342 -1.8337013027083024 -0.917770149545227 -1.6457943972962705 0.11414734229801068 -2.385543333232185 -1.7182125402983535 
-2.835775179139838 -0.33176282065253 -1.6268598298411332 -1.5933719393534342 -1.8337013027083024 -0.917770149545227 -1.6457943972962705 0.11414734229801068 -2.385543333232185 -1.7182125402983535 
-2.835775179139838 -0.33176282065253 -1.6268598298411332 -1.5933719393534342 -1.8337013027083024 -0.917770149545227 -1.6457943972962705 0.11414734229801068 -2.385543333232185 -1.7182125402983535 
-2.835775179139838 -0.33176282065253 -1.6268598298411332 -1.5933719393534342 -1.8337013027083024 -0.917770149545227 -1.6457943972962705 0.11414734229801068 -2.385543333232185 -1.7182125402983535 
-2.835775179139838 -0.33176282065253 -1.6268598298411332 -1.5933719393534342 -1.8337013027083024 -0.917770149545227 -1.6457943972962705 0.11414734229801068 -2.385543333232185 -1.7182125402983535 
-2.835775179139838 -0.33176282065253 -1.6268598298411332 -1.5933719393534342 -1.8337013027083024 -0.917770149545227 -1.6457943972962705 0.11414734229801068 -2.385543333232185 -1.7182125402983535 
-2.835775179139838 -0.33176282065253 -1.6268598298411332 -1.5933719393534342 -1.8337013027083024 -0.917770149545227 -1.6457943972962705 0.11414734229801068 -2.385543333232185 -1.7182125402983535 
-2.835775179139838 -0.33176282065253 -1.6268598298411332 -1.5933719393534342 -1.8337013027083024 -0.917770149545227 -1.6457943972962705 0.11414734229801068 -2.385543333232185 -1.7182125402983535 
-2.835775179139838 -0.33176282065253 -1.6268598298411332 -1.5933719393534342 -1.8337013027083024 -0.917770149545227 -1.6457943972962705 0.11414734229801068 -2.385543333232185 -1.7182125402983535 
-2.835775179139838 -0.33176282065253 -1.6268598298411332 -1.5933719393534342 -1.8337013027083024 -0.917770149545227 -1.6457943972962705 0.11414734229801068 -2.385543333232185 -1.7182125402983535 
-2.835775179139838 -0.33176282065253 -1.6268598298411332 -1.5933719393534342 -1.8337013027083024 -0.917770149545227 -1.6457943972962705 0.11414734229801068 -2.385543333232185 -1.7182125402983535 
-2.835775179139838 -0.33176282065253 -1.6268598298411332 -1.5933719393534342 -1.8337013027083024 -0.917770149545227 -1.6457943972962705 0.11414734229801068 -2.385543333232185 -1.7182125402983535 
-2.835775179139838 -0.33176282065253 -1.6268598298411332 -1.5933719393534342 -1.8337013027083024 -0.917770149545227 -1.6457943972962705 0.11414734229801068 -2.385543333232185 -1.7182125402983535 
-2.835775179139838 -0.33176282065253 -1.6268598298411332 -1.5933719393534342 -1.8337013027083024 -0.917770149545227 -1.6457943972962705 0.11414734229801068 -2.385543333232185 -1.7182125402983535 
-2.835775179139838 -0.33176282065253 -1.6268598298411332 -1.5933719393534342 -1.8337013027083024 -0.917770149545227 -1.6457943972962705 0.11414734229801068 -2.385543333232185 -1.7182125402983535 
-2.835775179139838 -0.33176282065253 -1.6268598298411332 -1.5933719393534342 -1.8337013027083024 -0.917770149545227 -1.6457943972962705 0.11414734229801068 -2.385543333232185 -1.7182125402983535 
-2.835775179139838 -0.33176282065253 -1.6268598298411332 -1.5933719393534342 -1.8337013027083024 -0.917770149545227 -1.6457943972962705 0.11414734229801068 -2.385543333232185 -1.7182125402983535 
-2.835775179139838 -0.33176282065253 -1.6268598298411332 -1.5933719393534342 -1.8337013027083024 -0.917770149545227 -1.6457943972962705 0.11414734229801068 -2.385543333232185 -1.7182125402983535 
-2.835775179139838 -0.33176282065253 -1.6268598298411332 -1.5933719393534342 -1.8337013027083024 -1.8800151920913146 -1.6457943972962705 0.11414734229801068 -2.385543333232185 -1.7182125402983535 
-2.835775179139838 -0.33176282065253 -1.6268598298411332 -1.5933719393534342 -1.8337013027083024 -1.8800151920913146 -1.6457943972962705 0.11414734229801068 -2.385543333232185 -1.7182125402983535 
-2.835775179139838 -0.33176282065253 -1.6268598298411332 -1.8366988829034276 -1.8337013027083024 -1.8800151920913146 -1.6457943972962705 0.11414734229801068 -2.385543333232185 -1.7182125402983535 
-2.835775179139838 -0.33176282065253 -1.6268598298411332 -1.8366988829034276 -1.8337013027083024 -1.8800151920913146 -1.6457943972962705 0.11414734229801068 -2.385543333232185 -1.7182125402983535 
-2.835775179139838 -0.33176282065253 -1.6268598298411332 -1.8366988829034276 -1.8337013027083024 -1.8800151920913146 -1.6457943972962705 0.11414734229801068 -2.385543333232185 -1.7182125402983535 
-2.835775179139838 -0.33176282065253 -1.6268598298411332 -1.8366988829034276 -1.8337013027083024 -1.8800151920913146 -1.6457943972962705 0.11414734229801068 -2.385543333232185 -1.7182125402983535 
-2.835775179139838 -0.33176282065253 -1.6268598298411332 -1.8366988829034276 -1.8337013027083024 -1.8800151920913146 -1.6457943972962705 0.11414734229801068 -2.385543333232185 -1.7182125402983535 
-2.835775179139838 -0.33176282065253 -1.6268598298411332 -1.8366988829034276 -1.8337013027083024 -1.8800151920913146 -1.6457943972962705 0.11414734229801068 -2.385543333232185 -1.7182125402983535 
-2.835775179139838 -0.33176282065253 -1.6268598298411332 -1.8366988829034276 -1.8337013027083024 -1.8800151920913146 -1.6457943972962705 0.11414734229801068 -2.385543333232185 -1.7182125402983535 
-2.835775179139838 -0.33176282065253 -1.6268598298411332 -1.8366988829034276 -1.8337013027083024 -1.8800151920913146 -1.6457943972962705 0.11414734229801068 -2.385543333232185 -1.7182125402983535 
-2.835775179139838 -0.33176282065253 -1.6268598298411332 -1.8366988829034276 -1.8337013027083024 -1.8800151920913146 -1.6457943972962705 0.11414734229801068 -2.385543333232185 -1.7182125402983535 
-2.835775179139838 -0.33176282065253 -1.6268598298411332 -1.8366988829034276 -1.8337013027083024 -1.8800151920913146 -1.6457943972962705 0.11414734229801068 -2.385543333232185 -1.7182125402983535 
-2.835775179139838 -0.33176282065253 -1.6268598298411332 -1.8366988829034276 -1.8337013027083024 -1.8800151920913146 -1.6457943972962705 0.11414734229801068 -2.385543333232185 -1.7182125402983535 
-2.835775179139838 -0.33176282065253 -1.6268598298411332 -1.8366988829034276 -1.8337013027083024 -1.8800151920913146 -1.6457943972962705 0.11414734229801068 -2.385543333232185 -1.7182125402983535 
-2.835775179139838 -0.33176282065253 -1.6268598298411332 -1.8366988829034276 -1.8337013027083024 -1.8800151920913146 -1.6457943972962705 0.11414734229801068 -2.385543333232185 -1.7182125402983535 
-2.835775179139838 -0.33176282065253 -1.6268598298411332 -1.8366988829034276 -1.8337013027083024 -1.8800151920913146 -1.6457943972962705 0.11414734229801068 -2.385543333232185 -1.7182125402983535 
-2.835775179139838 -0.33176282065253 -1.6268598298411332 -1.8366988829034276 -1.8337013027083024 -1.8800151920913146 -1.6457943972962705 0.11414734229801068 -2.385543333232185 -1.7182125402983535 
-2.835775179139838 -0.33176282065253 -1.6268598298411332 -1.8366988829034276 -1.8337013027083024 -1.8800151920913146 -1.6457943972962705 0.11414734229801068 -2.385543333232185 -1.7182125402983535 
-2.835775179139838 -0.33176282065253 -1.6268598298411332 -1.8366988829034276 -1.8337013027083024 -1.8800151920913146 -1.6457943972962705 0.11414734229801068 -2.385543333232185 -1.7182125402983535 
-2.835775179139838 -0.33176282065253 -1.6268598298411332 -1.8366988829034276 -1.8337013027083024 -1.8800151920913146 -1.6457943972962705 0.11414734229801068 -2.385543333232185 -1.7182125402983535 
-2.835775179139838 -0.33176282065253 -1.6268598298411332 -1.8366988829034276 -1.8337013027083024 -1.8800151920913146 -1.6457943972962705 0.11414734229801068 -2.385543333232185 -1.7182125402983535 
-2.835775179139838 -0.33176282065253 -1.6268598298411332 -1.8366988829034276 -1.8337013027083024 -1.8800151920913146 -1.6457943972962705 0.11414734229801068 -2.385543333232185 -1.7182125402983535 
-2.835775179139838 -0.33176282065253 -1.6268598298411332 -1.8366988829034276 -1.8337013027083024 -1.8800151920913146 -1.6457943972962705 0.11414734229801068 -2.385543333232185 -1.7182125402983535 
-2.835775179139838 -0.33176282065253 -1.6268598298411332 -1.8366988829034276 -1.8337013027083024 -1.8800151920913146 -1.6457943972962705 0.11414734229801068 -2.385543333232185 -1.7182125402983535 
-2.835775179139838 -0.33176282065253 -1.6268598298411332 -1.8366988829034276 -1.8337013027083024 -1.8800151920913146 -1.6457943972962705 0.11414734229801068 -2.385543333232185 -1.7182125402983535 
-2.835775179139838 -0.33176282065253 -1.6268598298411332 -1.8366988829034276 -1.8337013027083024 -1.8800151920913146 -1.6457943972962705 0.11414734229801068 -2.385543333232185 -1.7182125402983535 
-2.835775179139838 -0.33176282065253 -1.6268598298411332 -1.8366988829034276 -1.8337013027083024 -1.8800151920913146 -1.6457943972962705 0.11414734229801068 -2.385543333232185 -1.7182125402983535 
-2.835775179139838 -0.33176282065253 -1.6268598298411332 -1.8366988829034276 -1.8337013027083024 -1.8800151920913146 -1.6457943972962705 0.11414734229801068 -2.385543333232185 -1.7182125402983535 
-2.835775179139838 -0.33176282065253 -1.6268598298411332 -1.8366988829034276 -1.8337013027083024 -1.8800151920913146 -1.6457943972962705 0.11414734229801068 -2.385543333232185 -1.7182125402983535 
-2.835775179139838 -0.33176282065253 -1.7082277348671273 -1.8366988829034276 -1.8337013027083024 -1.8800151920913146 -1.6457943972962705 0.11414734229801068 -2.385543333232185 -1.7182125402983535 
-2.835775179139838 -0.33176282065253 -1.7082277348671273 -1.8366988829034276 -2.0328946171101485 -2.21884138936994 -1.6457943972962705 0.11414734229801068 -2.385543333232185 -1.7182125402983535 
-2.835775179139838 -0.33176282065253 -1.7082277348671273 -1.8366988829034276 -2.0328946171101485 -2.21884138936994 -1.6457943972962705 0.11414734229801068 -2.385543333232185 -1.7182125402983535 
-2.835775179139838 -0.33176282065253 -1.7082277348671273 -1.8366988829034276 -2.0328946171101485 -2.21884138936994 -2.098214042560284 0.11414734229801068 -2.385543333232185 -1.7182125402983535 
-2.835775179139838 -0.33176282065253 -1.7082277348671273 -1.8366988829034276 -2.0328946171101485 -2.21884138936994 -2.098214042560284 0.11414734229801068 -2.385543333232185 -1.7182125402983535 
-2.835775179139838 -0.33176282065253 -1.7082277348671273 -1.8366988829034276 -2.0328946171101485 -2.21884138936994 -2.098214042560284 0.11414734229801068 -2.385543333232185 -1.7182125402983535 
-2.835775179139838 -0.33176282065253 -1.7082277348671273 -1.8366988829034276 -2.0328946171101485 -2.21884138936994 -2.098214042560284 0.11414734229801068 -2.385543333232185 -1.7182125402983535 
-2.835775179139838 -0.33176282065253 -1.7082277348671273 -1.8366988829034276 -2.0328946171101485 -2.21884138936994 -2.098214042560284 0.11414734229801068 -2.385543333232185 -1.7182125402983535 
-2.835775179139838 -0.33176282065253 -1.7082277348671273 -1.8366988829034276 -2.0328946171101485 -2.21884138936994 -2.098214042560284 0.11414734229801068 -2.385543333232185 -1.7182125402983535 
-2.835775179139838 -0.33176282065253 -1.7082277348671273 -1.8366988829034276 -2.0328946171101485 -2.21884138936994 -2.098214042560284 0.11414734229801068 -2.385543333232185 -1.7182125402983535 
-2.835775179139838 -0.33176282065253 -1.7082277348671273 -1.8366988829034276 -2.0328946171101485 -2.21884138936994 -2.098214042560284 0.11414734229801068 -2.385543333232185 -1.7182125402983535 
-2.835775179139838 -0.33176282065253 -1.7082277348671273 -1.8366988829034276 -2.0328946171101485 -2.21884138936994 -2.098214042560284 0.11414734229801068 -2.385543333232185 -1.7182125402983535 
-2.835775179139838 -0.33176282065253 -1.7082277348671273 -1.8366988829034276 -2.0328946171101485 -2.21884138936994 -2.098214042560284 0.11414734229801068 -2.385543333232185 -1.7182125402983535 
-2.835775179139838 -0.33176282065253 -1.7082277348671273 -1.8366988829034276 -2.0328946171101485 -2.21884138936994 -2.098214042560284 0.11414734229801068 -2.385543333232185 -1.7182125402983535 
-2.835775179139838 -0.33176282065253 -1.7082277348671273 -1.8366988829034276 -2.0328946171101485 -2.21884138936994 -2.098214042560284 0.11414734229801068 -2.385543333232185 -1.7182125402983535 
-2.835775179139838 -0.33176282065253 -1.7082277348671273 -1.8366988829034276 -2.0328946171101485 -2.21884138936994 -2.098214042560284 0.11414734229801068 -2.385543333232185 -1.7182125402983535 
-2.835775179139838 -0.33176282065253 -1.7082277348671273 -1.8366988829034276 -2.0328946171101485 -2.21884138936994 -2.098214042560284 0.11414734229801068 -2.385543333232185 -1.7182125402983535 
-2.835775179139838 -0.33176282065253 -1.7082277348671273 -1.8366988829034276 -2.0328946171101485 -2.21884138936994 -2.098214042560284 0.11414734229801068 -2.385543333232185 -1.7182125402983535 
-2.835775179139838 -0.33176282065253 -1.7082277348671273 -1.8366988829034276 -2.0328946171101485 -2.21884138936994 -2.098214042560284 0.11414734229801068 -2.385543333232185 -1.7182125402983535 
-2.835775179139838 -0.33176282065253 -1.7082277348671273 -1.8366988829034276 -2.0328946171101485 -2.21884138936994 -2.098214042560284 0.11414734229801068 -2.385543333232185 -1.7182125402983535 
-2.835775179139838 -0.33176282065253 -1.7082277348671273 -1.8366988829034276 -2.0328946171101485 -2.21884138936994 -2.098214042560284 0.11414734229801068 -2.385543333232185 -1.7182125402983535 
-2.835775179139838 -0.33176282065253 -1.7082277348671273 -1.8366988829034276 -2.0328946171101485 -2.21884138936994 -2.098214042560284 0.11414734229801068 -2.385543333232185 -1.7182125402983535 
-2.835775179139838 -0.33176282065253 -1.7082277348671273 -1.8366988829034276 -2.0328946171101485 -2.21884138936994 -2.098214042560284 0.11414734229801068 -2.385543333232185 -1.7182125402983535 
-2.835775179139838 -0.33176282065253 -1.8687785686180207 -1.8366988829034276 -2.0328946171101485 -2.21884138936994 -2.098214042560284 0.11414734229801068 -2.385543333232185 -1.7182125402983535 
-2.835775179139838 -0.33176282065253 -1.8687785686180207 -1.8366988829034276 -2.0328946171101485 -2.21884138936994 -2.098214042560284 0.11414734229801068 -2.385543333232185 -1.7182125402983535 
-2.835775179139838 -0.33176282065253 -1.8687785686180207 -1.8366988829034276 -2.0328946171101485 -2.21884138936994 -2.098214042560284 0.11414734229801068 -2.385543333232185 -1.7182125402983535 
-2.835775179139838 -0.33176282065253 -1.8687785686180207 -1.8366988829034276 -2.0328946171101485 -2.21884138936994 -2.098214042560284 0.11414734229801068 -2.385543333232185 -1.7182125402983535 
-2.835775179139838 -0.33176282065253 -1.8687785686180207 -1.8366988829034276 -2.0328946171101485 -2.21884138936994 -2.098214042560284 0.11414734229801068 -2.385543333232185 -1.7182125402983535 
-2.835775179139838 -0.33176282065253 -1.8687785686180207 -1.8366988829034276 -2.0328946171101485 -2.21884138936994 -2.098214042560284 0.11414734229801068 -2.385543333232185 -1.7182125402983535 
-2.835775179139838 -0.33176282065253 -1.8687785686180207 -1.8366988829034276 -2.0328946171101485 -2.21884138936994 -2.098214042560284 0.11414734229801068 -2.385543333232185 -1.7182125402983535 
-2.835775179139838 -0.33176282065253 -1.8687785686180207 -1.8366988829034276 -2.0328946171101485 -2.21884138936994 -2.098214042560284 0.11414734229801068 -2.385543333232185 -1.7182125402983535 
-2.835775179139838 -0.33176282065253 -1.8687785686180207 -1.8366988829034276 -2.0328946171101485 -2.21884138936994 -2.098214042560284 0.11414734229801068 -2.385543333232185 -1.7182125402983535 
-2.835775179139838 -1.0403046840158705 -1.8687785686180207 -1.8366988829034276 -2.0328946171101485 -2.21884138936994 -2.098214042560284 0.11414734229801068 -2.385543333232185 -1.7182125402983535 
-2.835775179139838 -1.0403046840158705 -1.8687785686180207 -1.8366988829034276 -2.0328946171101485 -2.21884138936994 -2.098214042560284 0.11414734229801068 -2.385543333232185 -1.7182125402983535 
-2.835775179139838 -1.0403046840158705 -1.8687785686180207 -1.8366988829034276 -2.0328946171101485 -2.21884138936994 -2.098214042560284 0.11414734229801068 -2.385543333232185 -1.7182125402983535 
-2.835775179139838 -1.0403046840158705 -1.8687785686180207 -1.8366988829034276 -2.0328946171101485 -2.21884138936994 -2.098214042560284 0.11414734229801068 -2.385543333232185 -1.7182125402983535 
-2.835775179139838 -1.0403046840158705 -1.8687785686180207 -1.8366988829034276 -2.0328946171101485 -2.21884138936994 -2.098214042560284 0.11414734229801068 -2.385543333232185 -1.7182125402983535 
-2.835775179139838 -1.0403046840158705 -1.8687785686180207 -1.8366988829034276 -2.0328946171101485 -2.21884138936994 -2.098214042560284 0.11414734229801068 -2.385543333232185 -1.7182125402983535 
-2.835775179139838 -1.0403046840158705 -1.8687785686180207 -1.8366988829034276 -2.0328946171101485 -2.21884138936994 -2.098214042560284 0.11414734229801068 -2.385543333232185 -1.7182125402983535 
-2.835775179139838 -1.0403046840158705 -1.8687785686180207 -1.8366988829034276 -2.0328946171101485 -2.21884138936994 -2.098214042560284 0.11414734229801068 -2.385543333232185 -1.7182125402983535 
-2.835775179139838 -1.0403046840158705 -1.8687785686180207 -1.8366988829034276 -2.0328946171101485 -2.21884138936994 -2.098214042560284 0.11414734229801068 -2.385543333232185 -1.7182125402983535 
-2.835775179139838 -1.0403046840158705 -1.8687785686180207 -1.8366988829034276 -2.0328946171101485 -2.21884138936994 -2.098214042560284 0.11414734229801068 -2.385543333232185 -1.7182125402983535 
-2.835775179139838 -1.0403046840158705 -1.8687785686180207 -1.8366988829034276 -2.0328946171101485 -2.21884138936994 -2.098214042560284 0.11414734229801068 -2.385543333232185 -1.7182125402983535 
-2.835775179139838 -1.0403046840158705 -1.8687785686180207 -1.8366988829034276 -2.0328946171101485 -2.21884138936994 -2.098214042560284 0.11414734229801068 -2.385543333232185 -1.7182125402983535 
-2.835775179139838 -1.0403046840158705 -1.8687785686180207 -1.8366988829034276 -2.0328946171101485 -2.21884138936994 -2.098214042560284 0.11414734229801068 -2.385543333232185 -1.7182125402983535 
-2.835775179139838 -1.0403046840158705 -1.8687785686180207 -1.8366988829034276 -2.0328946171101485 -2.21884138936994 -2.098214042560284 0.11414734229801068 -2.385543333232185 -1.7182125402983535 
-2.835775179139838 -1.0403046840158705 -1.8687785686180207 -2.3730507840947297 -2.0328946171101485 -2.21884138936994 -2.098214042560284 0.11414734229801068 -2.385543333232185 -1.7182125402983535 
-2.835775179139838 -1.0403046840158705 -1.8687785686180207 -2.3730507840947297 -2.0328946171101485 -2.21884138936994 -2.098214042560284 0.11414734229801068 -2.385543333232185 -1.7182125402983535 
-2.835775179139838 -1.0403046840158705 -1.8687785686180207 -2.3730507840947297 -2.0328946171101485 -2.21884138936994 -2.098214042560284 0.11414734229801068 -2.385543333232185 -1.7182125402983535 
-2.835775179139838 -1.0403046840158705 -1.8687785686180207 -2.3730507840947297 -2.0328946171101485 -2.21884138936994 -2.098214042560284 0.11414734229801068 -2.385543333232185 -1.7182125402983535 
-2.835775179139838 -1.0403046840158705 -1.8687785686180207 -2.3730507840947297 -2.0328946171101485 -2.21884138936994 -2.098214042560284 0.11414734229801068 -2.385543333232185 -1.7182125402983535 
-2.835775179139838 -1.0403046840158705 -1.8687785686180207 -2.3730507840947297 -2.0328946171101485 -2.21884138936994 -2.098214042560284 0.11414734229801068 -2.385543333232185 -1.7182125402983535 
-2.835775179139838 -1.0403046840158705 -1.8687785686180207 -2.3730507840947297 -2.0328946171101485 -2.21884138936994 -2.098214042560284 0.11414734229801068 -2.385543333232185 -1.7182125402983535 
-2.835775179139838 -1.0403046840158705 -1.8687785686180207 -2.3730507840947297 -2.0328946171101485 -2.21884138936994 -2.098214042560284 0.11414734229801068 -2.385543333232185 -1.7182125402983535 
-2.835775179139838 -1.0403046840158705 -1.8687785686180207 -2.3730507840947297 -2.0328946171101485 -2.21884138936994 -2.098214042560284 0.11414734229801068 -2.385543333232185 -1.7182125402983535 
-2.835775179139838 -1.0403046840158705 -1.8687785686180207 -2.3730507840947297 -2.0328946171101485 -2.21884138936994 -2.098214042560284 0.11414734229801068 -2.385543333232185 -1.7182125402983535 
-2.835775179139838 -1.0403046840158705 -1.8687785686180207 -2.3730507840947297 -2.0328946171101485 -2.21884138936994 -2.098214042560284 0.11414734229801068 -2.385543333232185 -1.7182125402983535 
-2.835775179139838 -1.0403046840158705 -1.8687785686180207 -2.3730507840947297 -2.0328946171101485 -2.21884138936994 -2.098214042560284 0.11414734229801068 -2.385543333232185 -1.7182125402983535 
-2.835775179139838 -1.0403046840158705 -1.8687785686180207 -2.3730507840947297 -2.0328946171101485 -2.21884138936994 -2.098214042560284 0.11414734229801068 -2.385543333232185 -1.7182125402983535 
-2.835775179139838 -1.0403046840158705 -1.8687785686180207 -2.3730507840947297 -2.0328946171101485 -2.21884138936994 -2.098214042560284 0.11414734229801068 -2.385543333232185 -1.7182125402983535 
-2.835775179139838 -1.0403046840158705 -1.8687785686180207 -2.3730507840947297 -2.0328946171101485 -2.21884138936994 -2.098214042560284 0.11414734229801068 -2.385543333232185 -1.7182125402983535 
-2.835775179139838 -1.0403046840158705 -1.8687785686180207 -2.3730507840947297 -2.0328946171101485 -2.21884138936994 -2.098214042560284 0.11414734229801068 -2.385543333232185 -1.7182125402983535 
-2.835775179139838 -1.0403046840158705 -1.8687785686180207 -2.3730507840947297 -2.0328946171101485 -2.21884138936994 -2.098214042560284 0.11414734229801068 -2.385543333232185 -1.7182125402983535 
-2.835775179139838 -1.0403046840158705 -1.8687785686180207 -2.3730507840947297 -2.0328946171101485 -2.21884138936994 -2.098214042560284 0.11414734229801068 -2.385543333232185 -1.7182125402983535 
-2.835775179139838 -1.0403046840158705 -1.8687785686180207 -2.3730507840947297 -2.0328946171101485 -2.21884138936994 -2.098214042560284 0.11414734229801068 -2.385543333232185 -1.7182125402983535 
-2.835775179139838 -1.0403046840158705 -1.8687785686180207 -2.3730507840947297 -2.0328946171101485 -2.21884138936994 -2.098214042560284 0.11414734229801068 -2.385543333232185 -1.7182125402983535 
-2.835775179139838 -1.0403046840158705 -1.8687785686180207 -2.3730507840947297 -2.0328946171101485 -2.21884138936994 -2.098214042560284 0.11414734229801068 -2.385543333232185 -1.7182125402983535 
-2.835775179139838 -1.0403046840158705 -1.8687785686180207 -2.3730507840947297 -2.0328946171101485 -2.21884138936994 -2.098214042560284 0.11414734229801068 -2.385543333232185 -1.7182125402983535 
-2.835775179139838 -1.0403046840158705 -1.8687785686180207 -2.3730507840947297 -2.0328946171101485 -2.21884138936994 -2.098214042560284 0.11414734229801068 -2.385543333232185 -1.7182125402983535 
-2.835775179139838 -1.0403046840158705 -1.8687785686180207 -2.3730507840947297 -2.0328946171101485 -2.21884138936994 -2.098214042560284 0.11414734229801068 -2.385543333232185 -1.7182125402983535 
-2.835775179139838 -1.0403046840158705 -1.8687785686180207 -2.3730507840947297 -2.0328946171101485 -2.21884138936994 -2.098214042560284 0.11414734229801068 -2.385543333232185 -1.7182125402983535 
-2.835775179139838 -1.0403046840158705 -1.8687785686180207 -2.3730507840947297 -2.0328946171101485 -2.21884138936994 -2.098214042560284 0.11414734229801068 -2.385543333232185 -1.7182125402983535 
-2.835775179139838 -1.0403046840158705 -1.8687785686180207 -2.3730507840947297 -2.0328946171101485 -2.21884138936994 -2.098214042560284 0.11414734229801068 -2.385543333232185 -1.7182125402983535 
-2.835775179139838 -1.0403046840158705 -1.8687785686180207 -2.3730507840947297 -2.0328946171101485 -2.21884138936994 -2.098214042560284 0.11414734229801068 -2.385543333232185 -1.7182125402983535 
-2.835775179139838 -1.0403046840158705 -1.8687785686180207 -2.3730507840947297 -2.0328946171101485 -2.21884138936994 -2.098214042560284 0.11414734229801068 -2.385543333232185 -1.7182125402983535 
-2.835775179139838 -1.0403046840158705 -1.8687785686180207 -2.3730507840947297 -2.0328946171101485 -2.21884138936994 -2.098214042560284 0.11414734229801068 -2.385543333232185 -1.7182125402983535 
-2.835775179139838 -1.0403046840158705 -1.8687785686180207 -2.3730507840947297 -2.0328946171101485 -2.21884138936994 -2.098214042560284 0.11414734229801068 -2.385543333232185 -1.7182125402983535 
-2.835775179139838 -1.0403046840158705 -1.8687785686180207 -2.3730507840947297 -2.0328946171101485 -2.21884138936994 -2.098214042560284 0.11414734229801068 -2.385543333232185 -1.7182125402983535 
-2.835775179139838 -1.0403046840158705 -1.8687785686180207 -2.3730507840947297 -2.0328946171101485 -2.21884138936994 -2.098214042560284 0.11414734229801068 -2.385543333232185 -1.7182125402983535 
-2.835775179139838 -1.0403046840158705 -1.8687785686180207 -2.3730507840947297 -2.0328946171101485 -2.21884138936994 -2.098214042560284 0.11414734229801068 -2.385543333232185 -1.7182125402983535 
-2.835775179139838 -1.0403046840158705 -1.8687785686180207 -2.3730507840947297 -2.0328946171101485 -2.21884138936994 -2.098214042560284 0.11414734229801068 -2.385543333232185 -1.7182125402983535 
-2.835775179139838 -1.0403046840158705 -1.8687785686180207 -2.3730507840947297 -2.0328946171101485 -2.21884138936994 -2.098214042560284 0.11414734229801068 -2.385543333232185 -1.7182125402983535 
-2.835775179139838 -1.0403046840158705 -1.8687785686180207 -2.3730507840947297 -2.0328946171101485 -2.21884138936994 -2.098214042560284 0.11414734229801068 -2.385543333232185 -1.7182125402983535 
-2.835775179139838 -1.0403046840158705 -1.8687785686180207 -2.3730507840947297 -2.0328946171101485 -2.21884138936994 -2.098214042560284 0.11414734229801068 -2.385543333232185 -1.7182125402983535 
-2.835775179139838 -1.0403046840158705 -1.8687785686180207 -2.3730507840947297 -2.0328946171101485 -2.21884138936994 -2.098214042560284 0.11414734229801068 -2.385543333232185 -1.7182125402983535 
-2.835775179139838 -1.0403046840158705 -1.8687785686180207 -2.3730507840947297 -2.0328946171101485 -2.21884138936994 -2.098214042560284 0.11414734229801068 -2.385543333232185 -1.7182125402983535 
-2.835775179139838 -1.0403046840158705 -1.8687785686180207 -2.3730507840947297 -2.0328946171101485 -2.21884138936994 -2.098214042560284 0.11414734229801068 -2.385543333232185 -1.7182125402983535 
-2.835775179139838 -1.0403046840158705 -1.8687785686180207 -2.3730507840947297 -2.0328946171101485 -2.21884138936994 -2.098214042560284 0.11414734229801068 -2.385543333232185 -1.7182125402983535 
-2.835775179139838 -1.0403046840158705 -1.8687785686180207 -2.3730507840947297 -2.0328946171101485 -2.21884138936994 -2.098214042560284 0.11414734229801068 -2.385543333232185 -1.7182125402983535 
-2.835775179139838 -1.0403046840158705 -1.8687785686180207 -2.3730507840947297 -2.0328946171101485 -2.21884138936994 -2.098214042560284 0.11414734229801068 -2.385543333232185 -1.7182125402983535 
-2.835775179139838 -1.0403046840158705 -1.8687785686180207 -2.3730507840947297 -2.0328946171101485 -2.21884138936994 -2.098214042560284 0.11414734229801068 -2.385543333232185 -1.7182125402983535 
-2.835775179139838 -1.0403046840158705 -1.8687785686180207 -2.3730507840947297 -2.0328946171101485 -2.21884138936994 -2.098214042560284 0.11414734229801068 -2.385543333232185 -1.7182125402983535 
-2.835775179139838 -1.0403046840158705 -1.8687785686180207 -2.3730507840947297 -2.0328946171101485 -2.21884138936994 -2.098214042560284 0.11414734229801068 -2.385543333232185 -1.7182125402983535 
-2.835775179139838 -1.0403046840158705 -1.8687785686180207 -2.3730507840947297 -2.0328946171101485 -2.21884138936994 -2.098214042560284 0.11414734229801068 -2.385543333232185 -1.7182125402983535 
-2.835775179139838 -1.0403046840158705 -1.8687785686180207 -2.3730507840947297 -2.0328946171101485 -2.21884138936994 -2.098214042560284 0.11414734229801068 -2.385543333232185 -1.7182125402983535 
-2.835775179139838 -1.0403046840158705 -1.8687785686180207 -2.3730507840947297 -2.0328946171101485 -2.21884138936994 -2.098214042560284 0.11414734229801068 -2.385543333232185 -1.7182125402983535 
