3.371175684282706 0.6320127163633521 1.2977290187133965 1.9302344881101532 0.8437518751499358 0.38112343006629334 1.030924079549681 0.15371161751138906 -0.5327659525176967 0.7547127056117431 
-0.41231873200243313 0.5400172260104198 0.6392713104814057 1.9302344881101532 0.8437518751499358 0.38112343006629334 1.030924079549681 0.15371161751138906 -0.5327659525176967 0.5888365961891739 
-0.41231873200243313 -0.6036663770089142 0.6392713104814057 -0.3287504570730845 0.8437518751499358 0.2951125536865244 1.030924079549681 0.15371161751138906 -0.5327659525176967 0.5888365961891739 
-0.41231873200243313 -0.6036663770089142 0.6392713104814057 -0.3287504570730845 0.8437518751499358 0.2951125536865244 0.453218603587342 0.15371161751138906 -0.5327659525176967 0.5888365961891739 
-0.41231873200243313 -0.6036663770089142 0.6392713104814057 -0.3287504570730845 0.8437518751499358 0.2951125536865244 -0.0561287765174906 -0.3740200469373103 -0.5327659525176967 0.5888365961891739 
-0.41231873200243313 -0.6036663770089142 0.6392713104814057 -0.3287504570730845 0.8437518751499358 0.2951125536865244 -0.0561287765174906 -0.3740200469373103 -0.5327659525176967 0.5888365961891739 
-0.41231873200243313 -0.6036663770089142 0.6392713104814057 -0.3287504570730845 0.8437518751499358 0.2951125536865244 -0.0561287765174906 -0.3740200469373103 -0.5327659525176967 0.5888365961891739 
-0.41231873200243313 -0.6036663770089142 0.6392713104814057 -0.3287504570730845 0.8437518751499358 0.2951125536865244 -0.0561287765174906 -0.3740200469373103 -0.5327659525176967 0.5888365961891739 
-0.41231873200243313 -0.6036663770089142 0.6392713104814057 -0.3287504570730845 0.8437518751499358 0.2951125536865244 -0.0561287765174906 -0.3740200469373103 -0.5327659525176967 0.5888365961891739 
-0.41231873200243313 -0.6036663770089142 0.6392713104814057 -0.3287504570730845 0.8437518751499358 0.2951125536865244 -0.0561287765174906 -0.3740200469373103 -0.5327659525176967 0.5888365961891739 
-0.41231873200243313 -0.6036663770089142 0.6392713104814057 -0.3287504570730845 0.8437518751499358 0.2937830767809993 -0.0561287765174906 -0.3740200469373103 -0.5327659525176967 0.5888365961891739 
-0.41231873200243313 -0.6036663770089142 0.6392713104814057 -0.3287504570730845 0.8437518751499358 0.2937830767809993 -0.0561287765174906 -0.3740200469373103 -0.5327659525176967 0.2414866624402422 
-0.41231873200243313 -0.6036663770089142 0.6366797450870115 -0.3287504570730845 0.7680330319706106 -0.004069296644206466 -0.0561287765174906 -0.3740200469373103 -0.5327659525176967 0.2414866624402422 
-0.41231873200243313 -0.6036663770089142 0.6335703768428794 -0.3287504570730845 -0.3145496141144974 -0.004069296644206466 -0.0561287765174906 -0.3740200469373103 -0.5327659525176967 0.2414866624402422 
-0.41231873200243313 -0.6036663770089142 0.4206440857093119 -0.3287504570730845 -0.3145496141144974 -0.004069296644206466 -0.0561287765174906 -0.3740200469373103 -0.5327659525176967 0.2414866624402422 
-0.41231873200243313 -0.6036663770089142 0.4206440857093119 -0.3287504570730845 -0.3145496141144974 -0.004069296644206466 -0.0561287765174906 -0.3740200469373103 -0.5327659525176967 0.2414866624402422 
-0.41231873200243313 -0.6036663770089142 0.4206440857093119 -0.3287504570730845 -0.3145496141144974 -0.004069296644206466 -0.0561287765174906 -0.3740200469373103 -0.5327659525176967 0.2414866624402422 
-0.41231873200243313 -0.6036663770089142 0.4206440857093119 -0.3287504570730845 -0.3145496141144974 -0.004069296644206466 -0.0561287765174906 -0.3740200469373103 -0.5327659525176967 0.2414866624402422 
-0.41231873200243313 -0.6036663770089142 0.4206440857093119 -0.3287504570730845 -0.3145496141144974 -0.004069296644206466 -0.0561287765174906 -0.3740200469373103 -0.5327659525176967 0.2414866624402422 
-0.41231873200243313 -0.6036663770089142 0.4206440857093119 -0.3287504570730845 -0.3145496141144974 -0.004069296644206466 -0.0561287765174906 -0.3740200469373103 -0.5327659525176967 0.2414866624402422 
-0.41231873200243313 -1.2246409552580397 0.4206440857093119 -0.3287504570730845 -0.3145496141144974 -0.004069296644206466 -0.0561287765174906 -0.3740200469373103 -0.5327659525176967 0.2414866624402422 
-0.41231873200243313 -1.2246409552580397 0.4206440857093119 -0.3287504570730845 -0.3145496141144974 -0.004069296644206466 -0.618492231302417 -0.3740200469373103 -0.5327659525176967 0.2414866624402422 
-0.41231873200243313 -1.2246409552580397 0.4206440857093119 -0.3287504570730845 -0.3145496141144974 -0.004069296644206466 -0.618492231302417 -0.3740200469373103 -0.5327659525176967 0.2414866624402422 
-0.41231873200243313 -1.2246409552580397 0.4206440857093119 -0.3287504570730845 -0.3145496141144974 -0.004069296644206466 -0.618492231302417 -0.3740200469373103 -0.5327659525176967 0.2414866624402422 
-0.41231873200243313 -1.2246409552580397 0.26026365297850845 -0.3287504570730845 -0.3145496141144974 -0.004069296644206466 -0.618492231302417 -0.3740200469373103 -0.5327659525176967 0.2414866624402422 
-0.41231873200243313 -1.2246409552580397 0.26026365297850845 -0.3287504570730845 -0.3145496141144974 -0.004069296644206466 -0.618492231302417 -0.3740200469373103 -0.5327659525176967 0.2414866624402422 
-0.41231873200243313 -1.2246409552580397 0.26026365297850845 -0.3287504570730845 -0.3145496141144974 -0.004069296644206466 -0.618492231302417 -0.3740200469373103 -0.5327659525176967 0.2414866624402422 
-0.41231873200243313 -1.2246409552580397 0.26026365297850845 -0.3287504570730845 -0.3145496141144974 -0.004069296644206466 -0.618492231302417 -0.3740200469373103 -0.5327659525176967 0.2414866624402422 
-0.41231873200243313 -1.2246409552580397 0.26026365297850845 -0.3287504570730845 -0.3145496141144974 -0.004069296644206466 -0.618492231302417 -0.3740200469373103 -0.5327659525176967 0.2414866624402422 
-0.41231873200243313 -1.2246409552580397 -0.8241715451658685 -0.3287504570730845 -0.3145496141144974 -0.004069296644206466 -0.618492231302417 -0.3740200469373103 -0.5327659525176967 0.2414866624402422 
-0.41231873200243313 -1.2246409552580397 -0.8241715451658685 -0.3287504570730845 -0.3145496141144974 -0.004069296644206466 -0.618492231302417 -0.3740200469373103 -0.5327659525176967 0.2414866624402422 
-0.41231873200243313 -1.2246409552580397 -0.8241715451658685 -0.3287504570730845 -0.3145496141144974 -0.004069296644206466 -0.618492231302417 -0.3740200469373103 -0.5327659525176967 0.2414866624402422 
-0.41231873200243313 -1.2246409552580397 -0.8241715451658685 -0.3287504570730845 -0.3145496141144974 -0.004069296644206466 -0.618492231302417 -0.3740200469373103 -0.5327659525176967 0.2414866624402422 
-0.41231873200243313 -1.2246409552580397 -0.8241715451658685 -0.3287504570730845 -0.3145496141144974 -0.004069296644206466 -0.618492231302417 -0.3740200469373103 -0.5327659525176967 0.2414866624402422 
-0.41231873200243313 -1.2246409552580397 -0.8241715451658685 -0.3287504570730845 -0.3145496141144974 -0.004069296644206466 -0.618492231302417 -0.3740200469373103 -0.5327659525176967 0.2414866624402422 
-0.41231873200243313 -1.2246409552580397 -0.8241715451658685 -0.3287504570730845 -0.3145496141144974 -0.004069296644206466 -0.618492231302417 -0.3740200469373103 -0.5327659525176967 0.2414866624402422 
-0.41231873200243313 -1.2246409552580397 -0.8241715451658685 -0.3287504570730845 -0.3145496141144974 -0.004069296644206466 -0.618492231302417 -0.3740200469373103 -0.5327659525176967 0.2414866624402422 
-0.41231873200243313 -1.2246409552580397 -0.8241715451658685 -0.3287504570730845 -0.3145496141144974 -0.004069296644206466 -0.618492231302417 -0.3740200469373103 -0.5327659525176967 0.2414866624402422 
-0.41231873200243313 -1.2246409552580397 -0.8241715451658685 -0.3287504570730845 -0.3145496141144974 -0.004069296644206466 -0.618492231302417 -0.3740200469373103 -0.5327659525176967 0.2414866624402422 
-0.41231873200243313 -1.2246409552580397 -0.8241715451658685 -0.3287504570730845 -0.3145496141144974 -0.004069296644206466 -0.618492231302417 -0.3740200469373103 -0.5327659525176967 0.2414866624402422 
-0.41231873200243313 -1.2246409552580397 -0.8241715451658685 -0.3287504570730845 -0.3145496141144974 -0.004069296644206466 -0.618492231302417 -0.3740200469373103 -0.5327659525176967 0.2414866624402422 
-0.41231873200243313 -1.2246409552580397 -0.8241715451658685 -0.3287504570730845 -0.3145496141144974 -0.004069296644206466 -0.618492231302417 -0.3740200469373103 -0.5327659525176967 0.2414866624402422 
-0.41231873200243313 -1.2246409552580397 -0.8241715451658685 -0.3287504570730845 -0.3145496141144974 -0.004069296644206466 -0.618492231302417 -0.3740200469373103 -0.5327659525176967 0.2414866624402422 
-0.41231873200243313 -1.2246409552580397 -0.8241715451658685 -0.3287504570730845 -0.3145496141144974 -0.004069296644206466 -1.2856238452082218 -0.4314747370523216 -0.5327659525176967 0.2414866624402422 
-0.41231873200243313 -1.2246409552580397 -0.8241715451658685 -0.3287504570730845 -0.3145496141144974 -0.004069296644206466 -1.2856238452082218 -1.4208450156539973 -0.5327659525176967 0.2414866624402422 
-0.41231873200243313 -1.2246409552580397 -0.8241715451658685 -0.3287504570730845 -0.3145496141144974 -0.004069296644206466 -1.2856238452082218 -1.4208450156539973 -0.5327659525176967 0.2414866624402422 
-0.41231873200243313 -1.2246409552580397 -0.8241715451658685 -0.3287504570730845 -0.3145496141144974 -0.004069296644206466 -1.2856238452082218 -1.4208450156539973 -0.5327659525176967 0.2414866624402422 
-0.41231873200243313 -1.2246409552580397 -0.8241715451658685 -0.3287504570730845 -0.3145496141144974 -0.004069296644206466 -1.2856238452082218 -1.4208450156539973 -0.5327659525176967 0.11153641704734873 
-0.41231873200243313 -1.2246409552580397 -0.8241715451658685 -0.3287504570730845 -0.3145496141144974 -0.004069296644206466 -1.2856238452082218 -1.4208450156539973 -0.5327659525176967 0.11153641704734873 
-0.41231873200243313 -1.2246409552580397 -0.8241715451658685 -0.3287504570730845 -0.3145496141144974 -0.004069296644206466 -1.2856238452082218 -1.4208450156539973 -0.5327659525176967 0.11153641704734873 
-0.41231873200243313 -1.2246409552580397 -0.8241715451658685 -0.3287504570730845 -0.3145496141144974 -0.004069296644206466 -1.2856238452082218 -1.4208450156539973 -0.5327659525176967 0.11153641704734873 
-0.41231873200243313 -1.2246409552580397 -0.8241715451658685 -0.3287504570730845 -0.3145496141144974 -0.004069296644206466 -1.2856238452082218 -1.4208450156539973 -0.5327659525176967 0.11153641704734873 
-0.41231873200243313 -1.2246409552580397 -0.8241715451658685 -0.3287504570730845 -0.3145496141144974 -0.004069296644206466 -1.2856238452082218 -1.4208450156539973 -0.5327659525176967 0.11153641704734873 
-0.41231873200243313 -1.2246409552580397 -0.8241715451658685 -0.3287504570730845 -0.3145496141144974 -0.004069296644206466 -1.2856238452082218 -1.4208450156539973 -0.5327659525176967 0.11153641704734873 
-0.41231873200243313 -1.2246409552580397 -0.8241715451658685 -0.3287504570730845 -0.3145496141144974 -0.5449736702290329 -1.2856238452082218 -1.4208450156539973 -0.5327659525176967 0.11153641704734873 
-0.41231873200243313 -1.2246409552580397 -0.8241715451658685 -0.3287504570730845 -0.3145496141144974 -0.5449736702290329 -1.2856238452082218 -1.4208450156539973 -0.5327659525176967 0.11153641704734873 
-0.41231873200243313 -1.2246409552580397 -0.8241715451658685 -0.3287504570730845 -0.3145496141144974 -0.5449736702290329 -1.2856238452082218 -1.4208450156539973 -0.5327659525176967 0.11153641704734873 
-0.41231873200243313 -1.2246409552580397 -0.8241715451658685 -0.3287504570730845 -0.3145496141144974 -0.5449736702290329 -1.2856238452082218 -1.4208450156539973 -0.5327659525176967 0.11153641704734873 
-0.41231873200243313 -1.458040079154436 -0.8241715451658685 -0.3287504570730845 -0.3145496141144974 -0.5449736702290329 -1.2856238452082218 -1.4208450156539973 -0.5327659525176967 0.11153641704734873 
-0.41231873200243313 -1.458040079154436 -0.8241715451658685 -0.3287504570730845 -0.3145496141144974 -0.5449736702290329 -1.2856238452082218 -1.4208450156539973 -0.5327659525176967 0.11153641704734873 
-0.41231873200243313 -1.458040079154436 -0.8241715451658685 -0.3287504570730845 -0.3145496141144974 -0.5449736702290329 -1.2856238452082218 -1.4208450156539973 -0.5327659525176967 0.11153641704734873 
-0.41231873200243313 -1.458040079154436 -0.8241715451658685 -0.3287504570730845 -0.3145496141144974 -0.5449736702290329 -1.2856238452082218 -1.4208450156539973 -0.5327659525176967 0.11153641704734873 
-0.41231873200243313 -1.458040079154436 -0.8241715451658685 -0.3287504570730845 -0.3145496141144974 -0.5449736702290329 -1.2856238452082218 -1.4208450156539973 -0.5327659525176967 0.11153641704734873 
-0.41231873200243313 -1.458040079154436 -0.8241715451658685 -0.3287504570730845 -0.3145496141144974 -0.5449736702290329 -1.2856238452082218 -1.4208450156539973 -0.5327659525176967 0.11153641704734873 
-0.41231873200243313 -1.458040079154436 -0.8241715451658685 -0.3287504570730845 -0.3145496141144974 -0.5449736702290329 -1.2856238452082218 -1.4208450156539973 -0.5327659525176967 0.11153641704734873 
-0.41231873200243313 -1.458040079154436 -0.8241715451658685 -0.3287504570730845 -0.3145496141144974 -0.5449736702290329 -1.2856238452082218 -1.4208450156539973 -0.5327659525176967 0.11153641704734873 
-0.41231873200243313 -1.458040079154436 -0.8241715451658685 -0.3287504570730845 -0.3145496141144974 -0.5449736702290329 -1.2856238452082218 -1.4208450156539973 -0.5327659525176967 0.11153641704734873 
-0.41231873200243313 -1.458040079154436 -0.8241715451658685 -0.3287504570730845 -0.3145496141144974 -0.5449736702290329 -1.2856238452082218 -1.4208450156539973 -0.5327659525176967 0.11153641704734873 
-0.41231873200243313 -1.458040079154436 -0.8241715451658685 -0.3287504570730845 -0.3145496141144974 -0.5449736702290329 -1.2856238452082218 -1.4208450156539973 -0.5327659525176967 0.11153641704734873 
-0.41231873200243313 -1.458040079154436 -0.8241715451658685 -0.3287504570730845 -0.3145496141144974 -0.5449736702290329 -1.2856238452082218 -1.4208450156539973 -0.5327659525176967 0.11153641704734873 
-0.41231873200243313 -1.458040079154436 -0.8241715451658685 -0.3287504570730845 -0.3145496141144974 -0.5449736702290329 -1.2856238452082218 -1.4208450156539973 -0.5327659525176967 0.11153641704734873 
-0.41231873200243313 -1.458040079154436 -0.8241715451658685 -0.3287504570730845 -0.3145496141144974 -0.5449736702290329 -1.2856238452082218 -1.4208450156539973 -0.5327659525176967 0.11153641704734873 
-0.41231873200243313 -1.458040079154436 -0.8241715451658685 -0.3287504570730845 -0.3145496141144974 -0.5449736702290329 -1.2856238452082218 -1.4208450156539973 -0.5327659525176967 0.11153641704734873 
-0.41231873200243313 -1.458040079154436 -0.8241715451658685 -0.3287504570730845 -0.3145496141144974 -0.5449736702290329 -1.2856238452082218 -1.4208450156539973 -0.5327659525176967 0.11153641704734873 
-0.41231873200243313 -1.458040079154436 -0.8241715451658685 -0.3287504570730845 -0.3145496141144974 -0.5449736702290329 -1.2856238452082218 -1.4208450156539973 -0.5327659525176967 0.11153641704734873 
-0.41231873200243313 -1.458040079154436 -0.8241715451658685 -0.3287504570730845 -0.3145496141144974 -0.5449736702290329 -1.2856238452082218 -1.4208450156539973 -0.5327659525176967 0.11153641704734873 
-0.41231873200243313 -1.458040079154436 -0.8241715451658685 -0.3287504570730845 -0.3145496141144974 -0.5449736702290329 -1.2856238452082218 -1.4208450156539973 -0.5327659525176967 0.11153641704734873 
-0.41231873200243313 -1.458040079154436 -0.8241715451658685 -0.3287504570730845 -0.3145496141144974 -0.5449736702290329 -1.2856238452082218 -1.4208450156539973 -0.5327659525176967 0.11153641704734873 
-0.41231873200243313 -1.458040079154436 -0.8241715451658685 -0.3287504570730845 -0.3145496141144974 -0.5449736702290329 -1.2856238452082218 -1.4208450156539973 -0.5327659525176967 0.11153641704734873 
-0.41231873200243313 -1.458040079154436 -0.8241715451658685 -0.3287504570730845 -0.3145496141144974 -0.5449736702290329 -1.2856238452082218 -1.4208450156539973 -0.5327659525176967 0.11153641704734873 
-0.41231873200243313 -1.458040079154436 -0.8241715451658685 -0.3287504570730845 -0.3145496141144974 -0.5449736702290329 -1.2856238452082218 -1.4208450156539973 -0.5327659525176967 0.11153641704734873 
-0.41231873200243313 -1.458040079154436 -0.8241715451658685 -0.3287504570730845 -0.3145496141144974 -0.5449736702290329 -1.2856238452082218 -1.4208450156539973 -0.5327659525176967 0.11153641704734873 
-0.41231873200243313 -1.458040079154436 -0.8241715451658685 -0.3287504570730845 -0.3145496141144974 -0.5449736702290329 -1.2856238452082218 -1.4208450156539973 -0.5327659525176967 0.11153641704734873 
-0.41231873200243313 -1.458040079154436 -0.8241715451658685 -0.3287504570730845 -0.3145496141144974 -0.5449736702290329 -1.2856238452082218 -1.4208450156539973 -0.5327659525176967 0.11153641704734873 
-0.41231873200243313 -1.458040079154436 -0.8241715451658685 -0.3287504570730845 -0.3145496141144974 -0.5449736702290329 -1.2856238452082218 -1.4208450156539973 -0.5327659525176967 0.11153641704734873 
-0.41231873200243313 -1.458040079154436 -0.8241715451658685 -0.3287504570730845 -0.3145496141144974 -0.5449736702290329 -1.2856238452082218 -1.4208450156539973 -0.5327659525176967 0.11153641704734873 
-0.41231873200243313 -1.458040079154436 -0.8241715451658685 -0.3287504570730845 -0.3145496141144974 -0.5449736702290329 -1.2856238452082218 -1.4208450156539973 -0.5327659525176967 0.11153641704734873 
-0.41231873200243313 -1.458040079154436 -0.8241715451658685 -0.3287504570730845 -0.3145496141144974 -0.5449736702290329 -1.2856238452082218 -1.4208450156539973 -0.5327659525176967 0.11153641704734873 
-0.41231873200243313 -1.458040079154436 -0.8241715451658685 -0.3287504570730845 -0.3145496141144974 -0.5449736702290329 -1.2856238452082218 -1.4208450156539973 -0.5327659525176967 0.11153641704734873 
-0.41231873200243313 -1.458040079154436 -0.8241715451658685 -0.3287504570730845 -0.3355652465927548 -0.5449736702290329 -1.2856238452082218 -1.4208450156539973 -0.5327659525176967 0.11153641704734873 
-0.41231873200243313 -1.458040079154436 -0.8241715451658685 -0.3287504570730845 -0.3355652465927548 -0.5449736702290329 -1.2856238452082218 -1.4208450156539973 -0.5327659525176967 0.11153641704734873 
-0.41231873200243313 -1.458040079154436 -0.8241715451658685 -0.3287504570730845 -0.3355652465927548 -0.5449736702290329 -1.2856238452082218 -1.4208450156539973 -0.5327659525176967 0.11153641704734873 
-0.41231873200243313 -1.458040079154436 -0.8241715451658685 -0.3287504570730845 -0.3355652465927548 -0.5449736702290329 -1.2856238452082218 -1.4208450156539973 -0.5327659525176967 0.11153641704734873 
-0.41231873200243313 -1.458040079154436 -0.8241715451658685 -0.3287504570730845 -0.3355652465927548 -0.5449736702290329 -1.2856238452082218 -1.4208450156539973 -0.5327659525176967 0.11153641704734873 
-0.41231873200243313 -1.458040079154436 -0.8241715451658685 -0.3287504570730845 -0.3355652465927548 -0.5449736702290329 -1.2856238452082218 -1.4208450156539973 -0.5327659525176967 0.11153641704734873 
-0.41231873200243313 -1.458040079154436 -0.8241715451658685 -0.3287504570730845 -0.3355652465927548 -0.5449736702290329 -1.2856238452082218 -1.4208450156539973 -0.5327659525176967 0.11153641704734873 
-0.41231873200243313 -1.458040079154436 -0.8241715451658685 -0.3287504570730845 -0.3355652465927548 -0.5449736702290329 -1.2856238452082218 -1.4208450156539973 -0.5327659525176967 0.11153641704734873 
-0.41231873200243313 -1.458040079154436 -0.8241715451658685 -0.3287504570730845 -0.3355652465927548 -0.5449736702290329 -1.2856238452082218 -1.4208450156539973 -0.5327659525176967 0.11153641704734873 
-0.41231873200243313 -1.458040079154436 -0.8241715451658685 -0.3287504570730845 -0.3355652465927548 -0.5449736702290329 -1.2856238452082218 -1.4208450156539973 -0.5327659525176967 0.11153641704734873 
-0.41231873200243313 -1.458040079154436 -0.8241715451658685 -0.3287504570730845 -0.3355652465927548 -0.5449736702290329 -1.2856238452082218 -1.4208450156539973 -0.5327659525176967 0.11153641704734873 
-0.41231873200243313 -1.458040079154436 -0.8241715451658685 -0.3287504570730845 -0.3355652465927548 -0.5449736702290329 -1.2856238452082218 -1.4208450156539973 -0.5327659525176967 0.11153641704734873 
-0.41231873200243313 -1.458040079154436 -0.8241715451658685 -0.3287504570730845 -0.3355652465927548 -0.5449736702290329 -1.2856238452082218 -1.4208450156539973 -0.5327659525176967 0.11153641704734873 
-0.41231873200243313 -1.458040079154436 -0.8241715451658685 -0.3287504570730845 -0.3355652465927548 -0.5449736702290329 -1.2856238452082218 -1.4208450156539973 -0.5327659525176967 0.11153641704734873 
-0.41231873200243313 -1.458040079154436 -0.8241715451658685 -0.3287504570730845 -0.3355652465927548 -0.5449736702290329 -1.2856238452082218 -1.4208450156539973 -0.5327659525176967 0.11153641704734873 
-0.41231873200243313 -1.458040079154436 -0.8241715451658685 -0.3287504570730845 -0.3355652465927548 -0.5449736702290329 -1.2856238452082218 -1.4208450156539973 -0.5327659525176967 0.11153641704734873 
-0.41231873200243313 -1.458040079154436 -0.8241715451658685 -0.3287504570730845 -0.3355652465927548 -0.5449736702290329 -1.2856238452082218 -1.4208450156539973 -0.5327659525176967 0.11153641704734873 
-2.7534505349830223 -1.458040079154436 -0.8241715451658685 -0.3287504570730845 -0.3355652465927548 -0.5449736702290329 -1.2856238452082218 -1.4208450156539973 -0.5327659525176967 0.11153641704734873 
-2.7534505349830223 -1.458040079154436 -0.8241715451658685 -0.3287504570730845 -0.3355652465927548 -0.5449736702290329 -1.2856238452082218 -1.4208450156539973 -0.5327659525176967 0.11153641704734873 
-2.7534505349830223 -1.458040079154436 -0.8241715451658685 -0.3287504570730845 -0.35475289940073207 -0.5449736702290329 -1.2856238452082218 -1.4208450156539973 -0.5327659525176967 0.11153641704734873 
-2.7534505349830223 -1.458040079154436 -0.8241715451658685 -0.3287504570730845 -0.35475289940073207 -0.5449736702290329 -1.2856238452082218 -1.4208450156539973 -0.5327659525176967 0.11153641704734873 
-2.7534505349830223 -1.458040079154436 -0.8241715451658685 -0.3287504570730845 -0.35475289940073207 -0.5449736702290329 -1.2856238452082218 -1.4208450156539973 -0.5327659525176967 0.11153641704734873 
-2.7534505349830223 -1.458040079154436 -0.8241715451658685 -0.3287504570730845 -0.35475289940073207 -0.5449736702290329 -1.2856238452082218 -1.4208450156539973 -0.5327659525176967 0.11153641704734873 
-2.7534505349830223 -1.458040079154436 -0.8241715451658685 -0.3287504570730845 -0.35475289940073207 -0.5449736702290329 -1.2856238452082218 -1.4208450156539973 -0.5327659525176967 0.11153641704734873 
-2.7534505349830223 -1.458040079154436 -0.8241715451658685 -0.3287504570730845 -0.35475289940073207 -0.5449736702290329 -1.2856238452082218 -1.4208450156539973 -0.5327659525176967 0.11153641704734873 
-2.7534505349830223 -1.458040079154436 -0.8241715451658685 -0.3287504570730845 -0.35475289940073207 -0.5449736702290329 -1.2856238452082218 -1.4208450156539973 -0.5327659525176967 0.11153641704734873 
-2.7534505349830223 -1.458040079154436 -0.8241715451658685 -0.3287504570730845 -0.35475289940073207 -0.5449736702290329 -1.2856238452082218 -1.4208450156539973 -0.5327659525176967 0.11153641704734873 
-2.7534505349830223 -1.458040079154436 -0.8241715451658685 -0.3287504570730845 -0.35475289940073207 -0.5449736702290329 -1.2856238452082218 -1.4208450156539973 -0.5327659525176967 0.11153641704734873 
-2.7534505349830223 -1.458040079154436 -0.8241715451658685 -0.3287504570730845 -0.35475289940073207 -0.5449736702290329 -1.2856238452082218 -1.4208450156539973 -0.5327659525176967 0.11153641704734873 
-2.7534505349830223 -1.458040079154436 -0.8241715451658685 -0.3287504570730845 -0.35475289940073207 -0.5449736702290329 -1.2856238452082218 -1.4208450156539973 -0.5327659525176967 0.11153641704734873 
-2.7534505349830223 -1.458040079154436 -0.8241715451658685 -0.3287504570730845 -0.35475289940073207 -0.5449736702290329 -1.2856238452082218 -1.4208450156539973 -0.5327659525176967 0.11153641704734873 
-2.7534505349830223 -1.458040079154436 -0.8241715451658685 -0.3287504570730845 -0.401468505987008 -0.5449736702290329 -1.2856238452082218 -1.4208450156539973 -0.5327659525176967 0.11153641704734873 
-2.7534505349830223 -1.458040079154436 -0.8241715451658685 -0.3287504570730845 -0.401468505987008 -0.5449736702290329 -1.2856238452082218 -1.4208450156539973 -0.5327659525176967 0.11153641704734873 
-2.7534505349830223 -1.458040079154436 -0.8241715451658685 -0.3287504570730845 -0.401468505987008 -0.5449736702290329 -1.2856238452082218 -1.4208450156539973 -0.5327659525176967 0.11153641704734873 
-2.7534505349830223 -1.458040079154436 -0.8241715451658685 -0.3287504570730845 -0.401468505987008 -0.5449736702290329 -1.2856238452082218 -1.4208450156539973 -0.5327659525176967 0.11153641704734873 
-2.7534505349830223 -1.458040079154436 -0.8241715451658685 -0.3287504570730845 -0.401468505987008 -0.5449736702290329 -1.2856238452082218 -1.4208450156539973 -0.5327659525176967 0.11153641704734873 
-2.7534505349830223 -1.458040079154436 -0.8241715451658685 -0.3287504570730845 -0.401468505987008 -0.5449736702290329 -1.2856238452082218 -1.4208450156539973 -0.5327659525176967 0.11153641704734873 
-2.7534505349830223 -1.458040079154436 -0.8241715451658685 -0.3287504570730845 -0.401468505987008 -0.5449736702290329 -1.2856238452082218 -1.4208450156539973 -0.5327659525176967 0.11153641704734873 
-2.7534505349830223 -1.458040079154436 -0.8241715451658685 -0.3287504570730845 -0.401468505987008 -0.5449736702290329 -1.2856238452082218 -1.4208450156539973 -0.5327659525176967 0.11153641704734873 
-2.7534505349830223 -1.458040079154436 -0.8241715451658685 -0.3287504570730845 -0.401468505987008 -0.5449736702290329 -1.2856238452082218 -1.4208450156539973 -0.5327659525176967 0.11153641704734873 
-2.7534505349830223 -1.458040079154436 -0.8241715451658685 -0.3287504570730845 -0.401468505987008 -0.5449736702290329 -1.2856238452082218 -1.4208450156539973 -0.5327659525176967 0.11153641704734873 
-2.7534505349830223 -1.458040079154436 -0.8241715451658685 -0.3287504570730845 -0.401468505987008 -0.5449736702290329 -1.2856238452082218 -1.4208450156539973 -0.5327659525176967 0.11153641704734873 
-2.7534505349830223 -1.458040079154436 -0.8241715451658685 -0.3287504570730845 -0.401468505987008 -0.5449736702290329 -1.2856238452082218 -1.4208450156539973 -0.5327659525176967 0.11153641704734873 
-2.7534505349830223 -1.458040079154436 -0.8241715451658685 -0.3287504570730845 -0.401468505987008 -0.5449736702290329 -1.2856238452082218 -1.4208450156539973 -0.5327659525176967 0.11153641704734873 
-2.7534505349830223 -1.458040079154436 -0.8241715451658685 -0.3287504570730845 -0.401468505987008 -0.5449736702290329 -1.2856238452082218 -1.4208450156539973 -0.5327659525176967 0.11153641704734873 
-2.7534505349830223 -1.458040079154436 -0.8241715451658685 -0.3287504570730845 -0.401468505987008 -0.5449736702290329 -1.2856238452082218 -1.4208450156539973 -0.5327659525176967 0.11153641704734873 
-2.7534505349830223 -1.458040079154436 -0.8241715451658685 -0.3287504570730845 -0.401468505987008 -0.5449736702290329 -1.2856238452082218 -1.4208450156539973 -0.5327659525176967 0.11153641704734873 
-2.7534505349830223 -1.458040079154436 -0.8241715451658685 -0.3287504570730845 -0.401468505987008 -0.5449736702290329 -1.2856238452082218 -1.4208450156539973 -0.5327659525176967 0.11153641704734873 
-2.7534505349830223 -1.458040079154436 -0.8241715451658685 -0.3287504570730845 -0.401468505987008 -0.5449736702290329 -1.2856238452082218 -1.4208450156539973 -0.5327659525176967 0.11153641704734873 
-2.7534505349830223 -1.458040079154436 -0.8241715451658685 -0.3287504570730845 -0.401468505987008 -0.5449736702290329 -1.2856238452082218 -1.4208450156539973 -0.5327659525176967 0.11153641704734873 
-2.7534505349830223 -1.458040079154436 -0.8241715451658685 -0.3287504570730845 -0.401468505987008 -0.5449736702290329 -1.2856238452082218 -1.4208450156539973 -0.5327659525176967 0.11153641704734873 
-2.7534505349830223 -1.458040079154436 -0.8241715451658685 -0.3287504570730845 -0.401468505987008 -0.5477584194584377 -1.2856238452082218 -1.4208450156539973 -0.5327659525176967 0.11153641704734873 
-2.7534505349830223 -1.458040079154436 -0.8241715451658685 -0.3287504570730845 -0.401468505987008 -0.5477584194584377 -1.2856238452082218 -1.4208450156539973 -0.5327659525176967 0.11153641704734873 
-2.7534505349830223 -1.458040079154436 -0.8241715451658685 -0.3287504570730845 -0.401468505987008 -0.5477584194584377 -1.2856238452082218 -1.4208450156539973 -0.5327659525176967 0.11153641704734873 
-2.7534505349830223 -1.458040079154436 -0.8241715451658685 -0.3287504570730845 -0.401468505987008 -0.5477584194584377 -1.2856238452082218 -1.4208450156539973 -0.5327659525176967 0.11153641704734873 
-2.7534505349830223 -1.458040079154436 -0.8241715451658685 -0.3287504570730845 -0.401468505987008 -0.5477584194584377 -1.2856238452082218 -1.4208450156539973 -0.5327659525176967 0.11153641704734873 
-2.7534505349830223 -1.458040079154436 -0.8241715451658685 -0.3287504570730845 -0.401468505987008 -0.5477584194584377 -1.2856238452082218 -1.4208450156539973 -0.5327659525176967 0.11153641704734873 
-2.7534505349830223 -1.458040079154436 -0.8241715451658685 -0.3287504570730845 -0.401468505987008 -0.5477584194584377 -1.2856238452082218 -1.4208450156539973 -0.5327659525176967 0.11153641704734873 
-2.7534505349830223 -1.458040079154436 -0.8241715451658685 -0.3287504570730845 -0.401468505987008 -0.5477584194584377 -1.2856238452082218 -1.4208450156539973 -0.5327659525176967 0.11153641704734873 
-2.7534505349830223 -1.458040079154436 -0.8241715451658685 -0.3287504570730845 -0.401468505987008 -0.5477584194584377 -1.2856238452082218 -1.4208450156539973 -0.5327659525176967 0.11153641704734873 
-2.7534505349830223 -1.458040079154436 -0.8241715451658685 -0.3287504570730845 -0.401468505987008 -0.5477584194584377 -1.2856238452082218 -1.4208450156539973 -0.5327659525176967 0.11153641704734873 
-2.7534505349830223 -1.458040079154436 -0.8241715451658685 -0.3287504570730845 -0.401468505987008 -0.5477584194584377 -1.2856238452082218 -1.4208450156539973 -0.5327659525176967 0.11153641704734873 
-2.7534505349830223 -1.458040079154436 -0.8241715451658685 -0.3287504570730845 -0.401468505987008 -0.5477584194584377 -1.2856238452082218 -1.4208450156539973 -0.5327659525176967 0.11153641704734873 
0.592174644069463 0.8366940557202184 0.7620592448414553 0.8209901366764517 0.7104372907679766 0.3557618261628844 -0.47770282389369967 0.9965562817474518 0.574604813136358 0.7920113890100353 
0.04383354988877025 0.7678261601728159 0.7620592448414553 -0.4634473546882063 0.7104372907679766 -0.1066624123573631 -0.47770282389369967 0.6352866305559771 -0.6232241844346722 -0.190100518667779 
0.04383354988877025 0.7678261601728159 0.7609657672933703 -0.4634473546882063 0.4953302447446554 -0.1066624123573631 -0.47770282389369967 0.6352866305559771 -0.6232241844346722 -0.190100518667779 
0.04383354988877025 -0.13022930239781438 -0.16632507963044418 -0.4634473546882063 0.08466461810864423 -0.1066624123573631 -0.47770282389369967 0.6352866305559771 -0.6232241844346722 -0.190100518667779 
0.04383354988877025 -0.13022930239781438 -0.16632507963044418 -0.4634473546882063 -0.24366620858329374 -0.1066624123573631 -0.47770282389369967 0.6352866305559771 -0.6232241844346722 -0.190100518667779 
-0.13773016718964048 -0.13022930239781438 -0.16632507963044418 -1.0311882478722567 -0.24366620858329374 -0.1066624123573631 -0.47770282389369967 0.3573149154127357 -0.6232241844346722 -0.190100518667779 
-0.13773016718964048 -0.13022930239781438 -0.16632507963044418 -1.0311882478722567 -0.24366620858329374 -0.1066624123573631 -0.47770282389369967 0.3573149154127357 -0.6232241844346722 -0.190100518667779 
-0.13773016718964048 -0.13022930239781438 -0.16632507963044418 -1.1813084394463953 -0.24366620858329374 -0.1066624123573631 -0.47770282389369967 0.3573149154127357 -0.6232241844346722 -0.190100518667779 
-0.13773016718964048 -0.13022930239781438 -0.16632507963044418 -1.1813084394463953 -0.24366620858329374 -0.1066624123573631 -0.47770282389369967 0.3573149154127357 -0.6232241844346722 -0.190100518667779 
-0.13773016718964048 -0.13022930239781438 -0.16632507963044418 -1.1813084394463953 -0.24366620858329374 -0.45401262150691707 -0.47770282389369967 0.3573149154127357 -0.6232241844346722 -0.190100518667779 
-0.13773016718964048 -0.13022930239781438 -0.16632507963044418 -1.1813084394463953 -0.24366620858329374 -0.45401262150691707 -0.47770282389369967 0.3573149154127357 -0.6232241844346722 -0.190100518667779 
-0.25698536589060317 -0.13022930239781438 -0.16632507963044418 -1.1813084394463953 -0.24366620858329374 -0.45401262150691707 -0.47770282389369967 0.3573149154127357 -0.6232241844346722 -0.190100518667779 
-0.25698536589060317 -0.13022930239781438 -0.16632507963044418 -1.1813084394463953 -0.3155185367762945 -0.45401262150691707 -0.47770282389369967 0.17344259512091315 -0.6232241844346722 -0.6232622888397459 
-0.25698536589060317 -0.13022930239781438 -0.16632507963044418 -1.1813084394463953 -0.3155185367762945 -0.45401262150691707 -0.47770282389369967 0.17344259512091315 -0.6232241844346722 -0.6232622888397459 
-0.25698536589060317 -0.13022930239781438 -0.16632507963044418 -1.1813084394463953 -0.3155185367762945 -0.45401262150691707 -0.47770282389369967 0.17344259512091315 -0.6232241844346722 -0.6232622888397459 
-0.25698536589060317 -0.13022930239781438 -0.16632507963044418 -1.1813084394463953 -0.3155185367762945 -0.45401262150691707 -0.47770282389369967 0.17344259512091315 -0.6232241844346722 -0.6232622888397459 
-0.25698536589060317 -0.13022930239781438 -0.16632507963044418 -1.1813084394463953 -0.3155185367762945 -0.45401262150691707 -0.47770282389369967 0.17344259512091315 -0.6232241844346722 -0.6232622888397459 
-0.25698536589060317 -0.13022930239781438 -0.16632507963044418 -1.1813084394463953 -0.3155185367762945 -0.45401262150691707 -0.47770282389369967 0.17344259512091315 -0.6232241844346722 -0.6232622888397459 
-0.25698536589060317 -0.13022930239781438 -0.16632507963044418 -1.1813084394463953 -1.2972374296619842 -0.45401262150691707 -0.47770282389369967 0.17344259512091315 -0.6232241844346722 -0.6232622888397459 
-0.25698536589060317 -0.13022930239781438 -0.16632507963044418 -1.1813084394463953 -1.2972374296619842 -0.45401262150691707 -0.47770282389369967 0.1546345896582406 -0.6232241844346722 -0.6232622888397459 
-0.25698536589060317 -0.13022930239781438 -0.16632507963044418 -1.1813084394463953 -1.2972374296619842 -0.45401262150691707 -0.47770282389369967 0.1546345896582406 -0.6232241844346722 -0.6232622888397459 
-0.2844309308189543 -0.13022930239781438 -0.16632507963044418 -1.1813084394463953 -1.2972374296619842 -0.6445480202030612 -0.47770282389369967 0.1546345896582406 -0.6232241844346722 -0.6232622888397459 
-0.2844309308189543 -1.9440078633127809 -0.16632507963044418 -1.1813084394463953 -1.2972374296619842 -0.6445480202030612 -0.47770282389369967 -1.0915728397744586 -0.6232241844346722 -0.6232622888397459 
-0.2844309308189543 -1.9440078633127809 -0.16632507963044418 -1.1813084394463953 -1.2972374296619842 -0.6445480202030612 -0.47770282389369967 -1.0915728397744586 -0.6232241844346722 -0.6232622888397459 
-0.2844309308189543 -1.9440078633127809 -0.16632507963044418 -1.1813084394463953 -1.2972374296619842 -0.6445480202030612 -0.47770282389369967 -1.0915728397744586 -0.6232241844346722 -0.6232622888397459 
-0.2844309308189543 -1.9440078633127809 -0.16632507963044418 -1.1813084394463953 -1.2972374296619842 -0.6445480202030612 -0.47770282389369967 -1.0915728397744586 -0.6232241844346722 -0.6232622888397459 
-0.2844309308189543 -1.9440078633127809 -0.16632507963044418 -1.1813084394463953 -1.2972374296619842 -0.6445480202030612 -0.47770282389369967 -1.0915728397744586 -0.6232241844346722 -1.2246965083421555 
-0.2844309308189543 -1.9440078633127809 -0.16632507963044418 -1.1813084394463953 -1.2972374296619842 -0.6445480202030612 -0.47770282389369967 -1.0915728397744586 -0.6786504129034673 -1.2246965083421555 
-0.2844309308189543 -1.9440078633127809 -0.16632507963044418 -1.1813084394463953 -1.2972374296619842 -0.6445480202030612 -0.47770282389369967 -1.0915728397744586 -0.6786504129034673 -1.2246965083421555 
-0.2844309308189543 -1.9440078633127809 -0.16632507963044418 -1.1813084394463953 -1.2972374296619842 -0.6445480202030612 -0.47770282389369967 -1.0915728397744586 -0.6786504129034673 -1.604914134954859 
-0.2844309308189543 -1.9440078633127809 -0.16632507963044418 -1.1813084394463953 -1.2972374296619842 -0.6445480202030612 -0.47770282389369967 -1.0915728397744586 -0.6786504129034673 -1.604914134954859 
-0.2844309308189543 -1.9440078633127809 -0.16632507963044418 -1.1813084394463953 -1.2972374296619842 -0.6445480202030612 -0.47770282389369967 -1.0915728397744586 -0.6786504129034673 -1.604914134954859 
-0.2844309308189543 -1.9440078633127809 -0.16632507963044418 -1.1813084394463953 -1.2972374296619842 -0.6445480202030612 -0.47770282389369967 -1.0915728397744586 -0.6786504129034673 -1.604914134954859 
-0.2844309308189543 -1.9440078633127809 -0.16632507963044418 -1.1813084394463953 -1.2972374296619842 -0.6445480202030612 -0.47770282389369967 -1.0915728397744586 -0.6786504129034673 -1.604914134954859 
-0.2844309308189543 -1.9440078633127809 -0.16632507963044418 -1.4056912063363411 -1.2972374296619842 -0.6445480202030612 -0.47770282389369967 -1.0915728397744586 -0.6786504129034673 -1.604914134954859 
-0.2844309308189543 -1.9440078633127809 -0.16632507963044418 -1.4056912063363411 -1.2972374296619842 -0.6445480202030612 -0.47770282389369967 -1.1338150970487033 -0.6786504129034673 -1.604914134954859 
-1.7600611535874864 -1.9440078633127809 -0.16632507963044418 -1.4056912063363411 -1.2972374296619842 -0.6445480202030612 -0.47770282389369967 -1.1338150970487033 -0.6786504129034673 -1.604914134954859 
-1.7600611535874864 -1.9440078633127809 -0.16632507963044418 -1.4056912063363411 -1.2972374296619842 -0.6445480202030612 -0.47770282389369967 -1.1338150970487033 -0.6786504129034673 -1.604914134954859 
-1.7600611535874864 -1.9440078633127809 -0.16632507963044418 -1.4056912063363411 -1.2972374296619842 -0.6445480202030612 -0.47770282389369967 -1.1362776961496375 -0.6786504129034673 -1.604914134954859 
-1.7600611535874864 -1.9440078633127809 -0.16632507963044418 -1.4056912063363411 -1.2972374296619842 -0.6445480202030612 -0.47770282389369967 -1.1362776961496375 -0.6786504129034673 -1.604914134954859 
-1.7600611535874864 -1.9440078633127809 -0.16632507963044418 -1.4056912063363411 -1.2972374296619842 -0.6445480202030612 -0.47770282389369967 -1.1362776961496375 -0.6786504129034673 -1.604914134954859 
-1.7600611535874864 -1.9440078633127809 -0.16632507963044418 -1.4056912063363411 -1.2972374296619842 -0.6445480202030612 -0.47770282389369967 -1.1362776961496375 -0.6786504129034673 -1.604914134954859 
-1.7600611535874864 -1.9440078633127809 -0.16632507963044418 -1.4056912063363411 -1.2972374296619842 -1.1875511635850766 -0.47770282389369967 -1.1362776961496375 -0.6786504129034673 -1.604914134954859 
-1.7600611535874864 -1.9440078633127809 -0.16632507963044418 -1.4056912063363411 -1.2972374296619842 -1.1875511635850766 -0.47770282389369967 -1.1362776961496375 -0.6786504129034673 -1.604914134954859 
-1.7600611535874864 -1.9440078633127809 -0.16632507963044418 -1.4056912063363411 -1.2972374296619842 -1.1875511635850766 -0.47770282389369967 -1.1362776961496375 -0.6786504129034673 -1.604914134954859 
-1.7600611535874864 -1.9440078633127809 -0.16632507963044418 -1.4056912063363411 -1.2972374296619842 -1.1875511635850766 -0.47770282389369967 -1.1362776961496375 -0.6786504129034673 -1.604914134954859 
-1.7600611535874864 -1.9440078633127809 -0.16632507963044418 -1.4056912063363411 -1.2972374296619842 -1.1875511635850766 -0.47770282389369967 -1.1362776961496375 -0.6786504129034673 -1.604914134954859 
-1.7600611535874864 -1.9440078633127809 -0.16632507963044418 -1.4056912063363411 -1.2972374296619842 -1.1875511635850766 -0.47770282389369967 -1.1362776961496375 -0.6786504129034673 -1.604914134954859 
-1.7600611535874864 -1.9440078633127809 -0.16632507963044418 -1.4056912063363411 -1.2972374296619842 -1.1875511635850766 -0.47770282389369967 -1.1362776961496375 -0.6786504129034673 -1.604914134954859 
-1.7600611535874864 -1.9440078633127809 -0.16632507963044418 -1.4056912063363411 -1.2972374296619842 -1.4436595029356798 -0.47770282389369967 -1.1362776961496375 -0.6786504129034673 -1.604914134954859 
-1.7600611535874864 -1.9440078633127809 -0.16632507963044418 -1.4056912063363411 -1.2972374296619842 -1.4436595029356798 -0.47770282389369967 -1.1362776961496375 -0.6786504129034673 -1.604914134954859 
-1.7600611535874864 -1.9440078633127809 -0.16632507963044418 -1.4056912063363411 -1.2972374296619842 -1.4436595029356798 -0.47770282389369967 -1.1362776961496375 -0.6786504129034673 -1.604914134954859 
-1.7600611535874864 -1.9440078633127809 -0.16632507963044418 -1.4056912063363411 -1.2972374296619842 -1.4436595029356798 -0.47770282389369967 -1.1362776961496375 -0.6786504129034673 -1.604914134954859 
-1.7600611535874864 -1.9440078633127809 -0.16632507963044418 -1.4056912063363411 -1.2972374296619842 -1.4436595029356798 -0.47770282389369967 -1.1362776961496375 -0.6786504129034673 -1.604914134954859 
-1.7600611535874864 -1.9440078633127809 -0.16632507963044418 -1.4056912063363411 -1.2972374296619842 -1.4436595029356798 -0.47770282389369967 -1.1362776961496375 -0.6786504129034673 -1.604914134954859 
-1.7600611535874864 -1.9440078633127809 -0.16632507963044418 -1.4056912063363411 -1.2972374296619842 -1.4436595029356798 -0.47770282389369967 -1.1362776961496375 -0.6786504129034673 -1.604914134954859 
-1.7600611535874864 -1.9440078633127809 -0.16632507963044418 -1.4056912063363411 -1.2972374296619842 -1.9560666053706426 -0.47770282389369967 -1.1362776961496375 -0.6786504129034673 -1.604914134954859 
-1.7600611535874864 -1.9440078633127809 -0.16632507963044418 -1.4056912063363411 -1.2972374296619842 -1.9560666053706426 -0.47770282389369967 -1.1362776961496375 -0.6786504129034673 -1.604914134954859 
-1.7600611535874864 -1.9440078633127809 -0.16632507963044418 -1.4056912063363411 -1.2972374296619842 -1.9560666053706426 -0.47770282389369967 -1.1362776961496375 -0.6786504129034673 -1.604914134954859 
-1.7600611535874864 -1.9440078633127809 -0.16632507963044418 -1.4056912063363411 -1.2972374296619842 -1.9560666053706426 -0.47770282389369967 -1.1362776961496375 -0.6786504129034673 -1.604914134954859 
-1.7600611535874864 -1.9440078633127809 -0.16632507963044418 -1.4056912063363411 -1.2972374296619842 -1.9560666053706426 -0.47770282389369967 -1.1362776961496375 -0.6786504129034673 -1.604914134954859 
-1.7600611535874864 -1.9440078633127809 -0.16632507963044418 -1.4056912063363411 -1.2972374296619842 -1.9560666053706426 -0.47770282389369967 -1.1362776961496375 -0.6786504129034673 -1.604914134954859 
-1.7600611535874864 -1.9440078633127809 -0.16632507963044418 -1.4056912063363411 -1.2972374296619842 -1.9560666053706426 -0.47770282389369967 -1.1362776961496375 -0.6786504129034673 -1.604914134954859 
-1.7600611535874864 -1.9440078633127809 -0.16632507963044418 -1.4056912063363411 -1.2972374296619842 -1.9560666053706426 -0.47770282389369967 -1.1362776961496375 -0.6786504129034673 -1.604914134954859 
-1.7600611535874864 -1.9440078633127809 -0.16632507963044418 -1.4056912063363411 -1.2972374296619842 -1.9560666053706426 -0.47770282389369967 -1.1362776961496375 -0.6786504129034673 -1.604914134954859 
-1.7600611535874864 -1.9440078633127809 -0.16632507963044418 -1.4056912063363411 -1.2972374296619842 -1.9560666053706426 -0.47770282389369967 -1.1362776961496375 -0.6786504129034673 -1.604914134954859 
-1.7600611535874864 -1.9440078633127809 -0.16632507963044418 -1.4056912063363411 -1.2972374296619842 -1.9560666053706426 -0.47770282389369967 -1.1362776961496375 -0.6786504129034673 -1.604914134954859 
-1.7600611535874864 -1.9440078633127809 -0.16632507963044418 -1.4056912063363411 -1.2972374296619842 -1.9560666053706426 -0.47770282389369967 -1.1362776961496375 -0.6786504129034673 -1.604914134954859 
-1.7600611535874864 -1.9440078633127809 -0.16632507963044418 -1.4056912063363411 -1.2972374296619842 -1.9560666053706426 -0.47770282389369967 -1.1362776961496375 -0.6786504129034673 -1.604914134954859 
-1.7600611535874864 -1.9440078633127809 -0.9509103097116329 -1.4056912063363411 -1.2972374296619842 -1.9560666053706426 -0.47770282389369967 -1.1362776961496375 -0.6786504129034673 -1.604914134954859 
-1.7600611535874864 -1.9440078633127809 -0.9509103097116329 -1.4056912063363411 -1.2972374296619842 -1.9560666053706426 -0.47770282389369967 -1.1362776961496375 -0.6786504129034673 -1.604914134954859 
-1.7600611535874864 -1.9440078633127809 -0.9509103097116329 -1.4056912063363411 -1.2972374296619842 -1.9560666053706426 -0.47770282389369967 -1.1362776961496375 -0.6786504129034673 -1.604914134954859 
-1.7600611535874864 -1.9440078633127809 -0.9509103097116329 -1.5283369914131963 -1.2972374296619842 -1.9560666053706426 -0.47770282389369967 -1.1362776961496375 -0.6786504129034673 -1.604914134954859 
-1.7600611535874864 -1.9440078633127809 -0.9509103097116329 -1.5283369914131963 -1.2972374296619842 -1.9560666053706426 -0.47770282389369967 -1.1362776961496375 -0.6786504129034673 -1.604914134954859 
-1.7600611535874864 -1.9440078633127809 -0.9509103097116329 -1.5283369914131963 -1.2972374296619842 -1.9560666053706426 -0.47770282389369967 -1.1362776961496375 -0.6786504129034673 -1.604914134954859 
-1.7600611535874864 -1.9440078633127809 -0.9509103097116329 -1.5283369914131963 -1.2972374296619842 -1.9560666053706426 -0.47770282389369967 -1.1362776961496375 -0.6786504129034673 -1.604914134954859 
-1.7600611535874864 -1.9440078633127809 -0.9509103097116329 -1.5283369914131963 -1.2972374296619842 -1.9560666053706426 -0.47770282389369967 -1.1362776961496375 -0.6786504129034673 -1.604914134954859 
-1.7600611535874864 -1.9440078633127809 -0.9509103097116329 -1.5283369914131963 -1.2972374296619842 -1.9560666053706426 -0.47770282389369967 -1.1362776961496375 -0.6786504129034673 -1.604914134954859 
-1.7600611535874864 -1.9440078633127809 -0.9509103097116329 -1.5283369914131963 -1.2972374296619842 -2.1788848453998684 -0.47770282389369967 -1.1362776961496375 -0.6786504129034673 -1.604914134954859 
-1.7600611535874864 -1.9440078633127809 -0.9509103097116329 -1.5283369914131963 -1.2972374296619842 -2.1788848453998684 -0.47770282389369967 -1.1362776961496375 -0.6786504129034673 -1.604914134954859 
-1.7600611535874864 -1.9440078633127809 -0.9509103097116329 -1.5283369914131963 -1.2972374296619842 -2.2589681612418366 -0.47770282389369967 -1.1362776961496375 -0.6786504129034673 -1.604914134954859 
-1.7600611535874864 -1.9440078633127809 -0.9509103097116329 -1.5283369914131963 -1.2972374296619842 -2.2589681612418366 -0.47770282389369967 -1.1362776961496375 -0.6786504129034673 -1.604914134954859 
-1.7600611535874864 -1.9440078633127809 -0.9509103097116329 -1.5283369914131963 -1.2972374296619842 -2.2589681612418366 -0.47770282389369967 -1.1362776961496375 -0.6786504129034673 -1.604914134954859 
-1.7600611535874864 -1.9440078633127809 -0.9509103097116329 -1.5283369914131963 -1.2972374296619842 -2.2589681612418366 -0.47770282389369967 -1.1362776961496375 -0.6786504129034673 -1.604914134954859 
-1.7600611535874864 -1.9440078633127809 -0.9509103097116329 -1.5283369914131963 -1.2972374296619842 -2.2589681612418366 -0.47770282389369967 -1.1362776961496375 -0.6786504129034673 -1.604914134954859 
-1.7600611535874864 -1.9440078633127809 -0.9509103097116329 -1.5283369914131963 -1.2972374296619842 -2.2589681612418366 -0.47770282389369967 -1.1362776961496375 -0.6786504129034673 -1.604914134954859 
-1.7600611535874864 -1.9440078633127809 -0.9509103097116329 -1.5283369914131963 -1.2972374296619842 -2.2589681612418366 -0.47770282389369967 -1.1362776961496375 -0.6786504129034673 -1.604914134954859 
-1.7600611535874864 -1.9440078633127809 -0.9509103097116329 -1.5283369914131963 -1.2972374296619842 -2.2589681612418366 -0.47770282389369967 -1.1362776961496375 -0.6786504129034673 -1.604914134954859 
-1.7600611535874864 -1.9440078633127809 -0.9509103097116329 -1.5283369914131963 -1.2972374296619842 -2.2589681612418366 -0.47770282389369967 -1.1362776961496375 -1.1767724232587677 -1.604914134954859 
-1.7600611535874864 -1.9440078633127809 -0.9509103097116329 -1.5283369914131963 -1.2972374296619842 -2.2589681612418366 -0.47770282389369967 -1.1362776961496375 -1.1767724232587677 -1.604914134954859 
-1.7600611535874864 -1.9440078633127809 -0.9509103097116329 -1.5283369914131963 -1.2972374296619842 -2.2589681612418366 -0.47770282389369967 -1.1362776961496375 -1.1767724232587677 -1.604914134954859 
-1.7600611535874864 -1.9440078633127809 -0.9509103097116329 -1.5283369914131963 -1.2972374296619842 -2.2589681612418366 -0.47770282389369967 -1.1362776961496375 -1.1767724232587677 -1.604914134954859 
-1.7600611535874864 -1.9440078633127809 -0.9509103097116329 -1.5283369914131963 -1.2972374296619842 -2.2589681612418366 -0.47770282389369967 -1.1362776961496375 -1.1767724232587677 -1.604914134954859 
-1.7600611535874864 -1.9440078633127809 -0.9509103097116329 -1.5283369914131963 -1.2972374296619842 -2.2589681612418366 -0.47770282389369967 -1.1362776961496375 -1.1767724232587677 -1.604914134954859 
-1.7600611535874864 -1.9440078633127809 -0.9509103097116329 -1.5283369914131963 -1.2972374296619842 -2.2589681612418366 -0.47770282389369967 -1.1362776961496375 -1.1767724232587677 -1.604914134954859 
-1.7600611535874864 -1.9440078633127809 -0.9509103097116329 -1.5283369914131963 -1.2972374296619842 -2.2589681612418366 -0.47770282389369967 -1.1362776961496375 -1.1767724232587677 -1.604914134954859 
-1.7600611535874864 -1.9440078633127809 -0.9509103097116329 -1.5283369914131963 -1.2972374296619842 -2.2589681612418366 -0.47770282389369967 -1.1362776961496375 -1.1767724232587677 -1.604914134954859 
-1.7600611535874864 -1.9440078633127809 -0.9509103097116329 -1.5283369914131963 -1.2972374296619842 -2.2589681612418366 -0.47770282389369967 -1.1362776961496375 -1.1767724232587677 -1.604914134954859 
-1.7600611535874864 -1.9440078633127809 -0.9509103097116329 -1.5283369914131963 -1.2972374296619842 -2.2589681612418366 -0.47770282389369967 -1.1362776961496375 -1.1767724232587677 -1.604914134954859 
-1.7600611535874864 -1.9440078633127809 -0.9509103097116329 -1.5283369914131963 -1.2972374296619842 -2.2589681612418366 -0.47770282389369967 -1.1362776961496375 -1.1767724232587677 -1.604914134954859 
-1.7600611535874864 -1.9440078633127809 -0.9509103097116329 -1.5283369914131963 -1.2972374296619842 -2.2589681612418366 -0.47770282389369967 -1.1362776961496375 -1.1767724232587677 -1.604914134954859 
-1.7600611535874864 -1.9440078633127809 -0.9509103097116329 -1.5283369914131963 -1.2972374296619842 -2.2589681612418366 -0.47770282389369967 -1.1362776961496375 -1.1767724232587677 -1.604914134954859 
-1.7600611535874864 -1.9440078633127809 -0.9509103097116329 -1.5283369914131963 -1.2972374296619842 -2.2589681612418366 -0.47770282389369967 -1.1362776961496375 -1.1767724232587677 -1.604914134954859 
-1.7600611535874864 -1.9440078633127809 -0.9509103097116329 -1.5283369914131963 -1.2972374296619842 -2.2589681612418366 -0.47770282389369967 -1.1362776961496375 -1.5863691971504037 -1.604914134954859 
-1.7600611535874864 -1.9440078633127809 -0.9509103097116329 -1.5283369914131963 -1.2972374296619842 -2.2589681612418366 -0.47770282389369967 -1.1362776961496375 -1.5863691971504037 -1.604914134954859 
-1.7600611535874864 -1.9440078633127809 -0.9509103097116329 -1.5283369914131963 -1.2972374296619842 -2.2589681612418366 -0.47770282389369967 -1.1362776961496375 -1.5863691971504037 -1.604914134954859 
-1.7600611535874864 -1.9440078633127809 -0.9509103097116329 -1.5283369914131963 -1.2972374296619842 -2.2589681612418366 -0.47770282389369967 -1.1362776961496375 -1.5863691971504037 -1.604914134954859 
-1.7600611535874864 -1.9440078633127809 -0.9509103097116329 -1.5283369914131963 -1.2972374296619842 -2.2589681612418366 -0.47770282389369967 -1.1362776961496375 -1.5863691971504037 -1.604914134954859 
-1.7600611535874864 -1.9440078633127809 -0.9509103097116329 -1.5283369914131963 -1.2972374296619842 -2.2589681612418366 -0.47770282389369967 -1.1362776961496375 -1.5863691971504037 -1.604914134954859 
-1.7600611535874864 -1.9440078633127809 -0.9509103097116329 -1.5283369914131963 -1.2972374296619842 -2.2589681612418366 -0.47770282389369967 -1.1362776961496375 -1.5863691971504037 -1.604914134954859 
-1.7600611535874864 -1.9440078633127809 -0.9509103097116329 -1.5283369914131963 -1.2972374296619842 -2.2589681612418366 -0.47770282389369967 -1.1362776961496375 -1.5863691971504037 -1.604914134954859 
-1.7600611535874864 -1.9440078633127809 -0.9509103097116329 -1.5283369914131963 -1.2972374296619842 -2.2589681612418366 -0.47770282389369967 -1.1362776961496375 -1.5863691971504037 -1.604914134954859 
-1.7600611535874864 -1.9440078633127809 -0.9509103097116329 -1.5283369914131963 -1.2972374296619842 -2.2589681612418366 -0.47770282389369967 -1.1362776961496375 -1.5863691971504037 -1.604914134954859 
-1.7600611535874864 -1.9440078633127809 -0.9509103097116329 -1.5283369914131963 -1.2972374296619842 -2.2589681612418366 -0.47770282389369967 -1.1362776961496375 -1.5863691971504037 -1.604914134954859 
-1.7600611535874864 -1.9440078633127809 -0.9509103097116329 -1.5283369914131963 -1.2972374296619842 -2.2589681612418366 -0.47770282389369967 -1.1362776961496375 -1.5863691971504037 -1.604914134954859 
-1.7600611535874864 -1.9440078633127809 -0.9509103097116329 -1.5283369914131963 -1.2972374296619842 -2.2589681612418366 -0.47770282389369967 -1.1362776961496375 -1.5863691971504037 -1.604914134954859 
-1.7600611535874864 -1.9440078633127809 -0.9509103097116329 -1.5283369914131963 -1.2972374296619842 -2.2589681612418366 -0.47770282389369967 -1.1362776961496375 -1.5863691971504037 -1.604914134954859 
-1.7600611535874864 -1.9440078633127809 -0.9509103097116329 -1.5283369914131963 -1.2972374296619842 -2.2589681612418366 -0.47770282389369967 -1.1362776961496375 -1.5863691971504037 -1.604914134954859 
-1.7600611535874864 -1.9440078633127809 -0.9509103097116329 -1.5283369914131963 -1.2972374296619842 -2.2589681612418366 -0.47770282389369967 -1.1362776961496375 -1.5863691971504037 -1.604914134954859 
-1.7600611535874864 -1.9440078633127809 -0.9509103097116329 -1.5283369914131963 -1.2972374296619842 -2.2589681612418366 -0.5993308906348935 -1.1362776961496375 -1.5863691971504037 -1.604914134954859 
-1.7600611535874864 -1.9440078633127809 -0.9509103097116329 -1.5283369914131963 -1.2972374296619842 -2.2589681612418366 -0.5993308906348935 -1.1362776961496375 -1.5863691971504037 -1.604914134954859 
-1.7600611535874864 -1.9440078633127809 -0.9509103097116329 -1.5283369914131963 -1.2972374296619842 -2.2589681612418366 -0.5993308906348935 -1.7338146946657882 -1.5863691971504037 -1.604914134954859 
-1.7600611535874864 -1.9440078633127809 -0.9509103097116329 -1.5283369914131963 -1.2972374296619842 -2.2589681612418366 -0.5993308906348935 -1.7338146946657882 -1.5863691971504037 -1.604914134954859 
-1.7600611535874864 -1.9440078633127809 -0.9509103097116329 -1.5283369914131963 -1.2972374296619842 -2.2589681612418366 -0.5993308906348935 -1.7338146946657882 -1.5863691971504037 -1.604914134954859 
-1.7600611535874864 -1.9440078633127809 -0.9509103097116329 -1.5283369914131963 -1.2972374296619842 -2.2589681612418366 -0.5993308906348935 -1.7338146946657882 -1.5863691971504037 -1.604914134954859 
-1.7600611535874864 -1.9440078633127809 -0.9509103097116329 -1.5283369914131963 -1.2972374296619842 -2.2589681612418366 -0.5993308906348935 -1.7338146946657882 -1.5863691971504037 -1.604914134954859 
-1.7600611535874864 -1.9440078633127809 -0.9509103097116329 -1.5283369914131963 -1.2972374296619842 -2.2589681612418366 -0.5993308906348935 -1.7338146946657882 -1.5863691971504037 -1.604914134954859 
-1.7600611535874864 -1.9440078633127809 -0.9509103097116329 -1.5283369914131963 -1.2972374296619842 -2.2589681612418366 -0.5993308906348935 -1.7338146946657882 -1.5863691971504037 -1.604914134954859 
-1.7600611535874864 -1.9440078633127809 -0.9509103097116329 -1.5283369914131963 -1.2972374296619842 -2.2589681612418366 -0.5993308906348935 -1.7338146946657882 -1.5863691971504037 -1.604914134954859 
-1.7600611535874864 -1.9440078633127809 -0.9509103097116329 -1.5283369914131963 -1.2972374296619842 -2.2589681612418366 -0.5993308906348935 -1.7338146946657882 -1.5863691971504037 -1.604914134954859 
-1.7600611535874864 -1.9440078633127809 -0.9509103097116329 -1.5283369914131963 -1.2972374296619842 -2.2589681612418366 -0.5993308906348935 -1.7338146946657882 -1.5863691971504037 -1.604914134954859 
-1.7600611535874864 -1.9440078633127809 -0.9509103097116329 -1.5283369914131963 -1.2972374296619842 -2.2589681612418366 -0.5993308906348935 -1.7338146946657882 -1.5863691971504037 -1.604914134954859 
-1.7600611535874864 -1.9440078633127809 -0.9509103097116329 -1.5283369914131963 -1.2972374296619842 -2.2589681612418366 -0.5993308906348935 -1.7338146946657882 -1.5863691971504037 -1.604914134954859 
-1.7600611535874864 -1.9440078633127809 -0.9509103097116329 -1.5283369914131963 -1.2972374296619842 -2.2589681612418366 -0.5993308906348935 -1.7338146946657882 -1.5863691971504037 -1.604914134954859 
-1.7600611535874864 -1.9440078633127809 -0.9509103097116329 -1.5283369914131963 -1.2972374296619842 -2.2589681612418366 -0.5993308906348935 -1.7338146946657882 -1.5863691971504037 -1.604914134954859 
-1.7600611535874864 -1.9440078633127809 -0.9509103097116329 -1.5283369914131963 -1.2972374296619842 -2.2589681612418366 -0.5993308906348935 -1.7338146946657882 -1.5863691971504037 -1.604914134954859 
-1.7600611535874864 -1.9440078633127809 -0.9509103097116329 -1.5283369914131963 -1.2972374296619842 -2.2589681612418366 -0.5993308906348935 -1.7338146946657882 -1.5863691971504037 -1.604914134954859 
-1.7600611535874864 -1.9440078633127809 -0.9509103097116329 -1.5283369914131963 -1.2972374296619842 -2.2589681612418366 -0.5993308906348935 -1.7338146946657882 -1.5863691971504037 -1.604914134954859 
-1.7600611535874864 -1.9440078633127809 -0.9509103097116329 -1.5283369914131963 -1.2972374296619842 -2.2589681612418366 -0.5993308906348935 -1.7338146946657882 -1.5863691971504037 -1.604914134954859 
-1.7600611535874864 -1.9440078633127809 -0.9509103097116329 -1.5283369914131963 -1.2972374296619842 -2.2589681612418366 -0.5993308906348935 -1.7338146946657882 -1.5863691971504037 -1.604914134954859 
-1.7600611535874864 -1.9440078633127809 -0.9509103097116329 -1.5283369914131963 -1.2972374296619842 -2.2589681612418366 -0.5993308906348935 -1.7338146946657882 -1.5863691971504037 -1.604914134954859 
-1.7600611535874864 -1.9440078633127809 -0.9509103097116329 -1.5283369914131963 -1.2972374296619842 -2.2589681612418366 -0.5993308906348935 -1.7338146946657882 -1.5863691971504037 -1.604914134954859 
-1.7600611535874864 -1.9440078633127809 -0.9509103097116329 -1.5283369914131963 -1.2972374296619842 -2.2589681612418366 -0.5993308906348935 -1.7338146946657882 -1.5863691971504037 -1.604914134954859 
-1.7600611535874864 -1.9440078633127809 -0.9509103097116329 -1.5283369914131963 -1.2972374296619842 -2.2589681612418366 -0.5993308906348935 -1.7338146946657882 -1.5863691971504037 -1.604914134954859 
-1.7600611535874864 -1.9440078633127809 -0.9509103097116329 -1.5283369914131963 -1.2972374296619842 -2.2589681612418366 -0.5993308906348935 -1.7338146946657882 -1.5863691971504037 -1.604914134954859 
-1.7600611535874864 -1.9440078633127809 -0.9509103097116329 -1.5283369914131963 -1.2972374296619842 -2.2589681612418366 -0.5993308906348935 -1.7338146946657882 -1.5863691971504037 -1.604914134954859 
-1.7600611535874864 -1.9440078633127809 -0.9509103097116329 -1.5283369914131963 -1.2972374296619842 -2.2589681612418366 -0.5993308906348935 -1.7338146946657882 -1.5863691971504037 -1.604914134954859 
-1.7600611535874864 -1.9440078633127809 -0.9509103097116329 -1.5283369914131963 -1.2972374296619842 -2.2589681612418366 -0.5993308906348935 -1.7338146946657882 -1.5863691971504037 -1.604914134954859 
-1.7600611535874864 -1.9440078633127809 -0.9509103097116329 -1.5283369914131963 -1.2972374296619842 -2.2589681612418366 -0.5993308906348935 -1.7338146946657882 -1.5863691971504037 -1.604914134954859 
-1.7600611535874864 -1.9440078633127809 -0.9509103097116329 -1.5283369914131963 -1.2972374296619842 -2.2589681612418366 -0.5993308906348935 -1.7338146946657882 -1.5863691971504037 -1.604914134954859 
-1.7600611535874864 -1.9440078633127809 -0.9509103097116329 -1.5283369914131963 -1.2972374296619842 -2.2589681612418366 -0.5993308906348935 -1.7338146946657882 -1.5863691971504037 -1.604914134954859 
-1.7600611535874864 -1.9440078633127809 -0.9509103097116329 -1.5283369914131963 -1.2972374296619842 -2.2589681612418366 -0.5993308906348935 -1.7338146946657882 -1.5863691971504037 -1.604914134954859 
-1.7600611535874864 -1.9440078633127809 -0.9509103097116329 -1.5283369914131963 -1.2972374296619842 -2.2589681612418366 -0.5993308906348935 -1.7338146946657882 -1.5863691971504037 -1.604914134954859 
-1.7600611535874864 -1.9440078633127809 -0.9509103097116329 -1.5283369914131963 -1.2972374296619842 -2.2589681612418366 -0.5993308906348935 -1.7338146946657882 -1.5863691971504037 -2.0764767326481164 
-1.7600611535874864 -1.9440078633127809 -0.9509103097116329 -1.5283369914131963 -1.2972374296619842 -2.2589681612418366 -0.5993308906348935 -1.7338146946657882 -1.5863691971504037 -2.0764767326481164 
-1.7600611535874864 -1.9440078633127809 -0.9509103097116329 -1.5283369914131963 -1.2972374296619842 -2.2589681612418366 -0.5993308906348935 -1.7338146946657882 -1.5863691971504037 -2.0764767326481164 
-1.7600611535874864 -1.9440078633127809 -0.9509103097116329 -1.5283369914131963 -1.2972374296619842 -2.2589681612418366 -0.5993308906348935 -1.7338146946657882 -1.5863691971504037 -2.0764767326481164 
-1.7600611535874864 -1.9440078633127809 -0.9509103097116329 -1.5283369914131963 -1.2972374296619842 -2.2589681612418366 -0.5993308906348935 -1.7338146946657882 -1.5863691971504037 -2.0764767326481164 
-1.7600611535874864 -1.9440078633127809 -0.9509103097116329 -1.5283369914131963 -1.2972374296619842 -2.2589681612418366 -0.5993308906348935 -1.7338146946657882 -1.5863691971504037 -2.0764767326481164 
-1.7600611535874864 -1.9440078633127809 -0.9509103097116329 -1.5283369914131963 -1.2972374296619842 -2.2589681612418366 -0.5993308906348935 -1.7338146946657882 -1.5863691971504037 -2.0764767326481164 
-1.7600611535874864 -1.9440078633127809 -0.9509103097116329 -1.5283369914131963 -1.2972374296619842 -2.2589681612418366 -0.5993308906348935 -1.7338146946657882 -1.5863691971504037 -2.0764767326481164 
-1.7600611535874864 -1.9440078633127809 -0.9509103097116329 -1.5283369914131963 -1.2972374296619842 -2.2589681612418366 -0.5993308906348935 -1.7338146946657882 -1.5863691971504037 -2.0764767326481164 
-1.7600611535874864 -1.9440078633127809 -0.9509103097116329 -1.5283369914131963 -1.2972374296619842 -2.2589681612418366 -0.5993308906348935 -1.7338146946657882 -1.5863691971504037 -2.0764767326481164 
-1.7600611535874864 -1.9440078633127809 -0.9509103097116329 -1.5283369914131963 -1.2972374296619842 -2.2589681612418366 -0.5993308906348935 -1.7338146946657882 -1.5863691971504037 -2.0764767326481164 
-1.7600611535874864 -1.9440078633127809 -0.9509103097116329 -1.5283369914131963 -1.2972374296619842 -2.2589681612418366 -0.5993308906348935 -1.7338146946657882 -1.5863691971504037 -2.0764767326481164 
-1.7600611535874864 -1.9440078633127809 -0.9509103097116329 -1.5283369914131963 -1.2972374296619842 -2.2589681612418366 -0.5993308906348935 -1.7338146946657882 -1.5863691971504037 -2.0764767326481164 
-1.7600611535874864 -1.9440078633127809 -0.9509103097116329 -1.5283369914131963 -1.2972374296619842 -2.2589681612418366 -0.5993308906348935 -1.7338146946657882 -1.5863691971504037 -2.0764767326481164 
-1.7600611535874864 -1.9440078633127809 -0.9509103097116329 -1.5283369914131963 -1.2972374296619842 -2.2589681612418366 -0.5993308906348935 -1.7338146946657882 -1.5863691971504037 -2.0764767326481164 
-1.7600611535874864 -1.9440078633127809 -0.9509103097116329 -1.5283369914131963 -1.2972374296619842 -2.2589681612418366 -0.5993308906348935 -1.7338146946657882 -1.5863691971504037 -2.0764767326481164 
-1.7600611535874864 -1.9440078633127809 -0.9509103097116329 -1.5283369914131963 -1.2972374296619842 -2.2589681612418366 -0.5993308906348935 -1.7338146946657882 -1.5863691971504037 -2.0764767326481164 
-1.7600611535874864 -1.9440078633127809 -0.9509103097116329 -1.5283369914131963 -1.2972374296619842 -2.2589681612418366 -0.5993308906348935 -1.7338146946657882 -1.5863691971504037 -2.0764767326481164 
-1.7600611535874864 -1.9440078633127809 -0.9509103097116329 -1.5283369914131963 -1.2972374296619842 -2.2589681612418366 -0.5993308906348935 -1.7338146946657882 -1.5863691971504037 -2.0764767326481164 
-1.7600611535874864 -1.9440078633127809 -0.9509103097116329 -1.5283369914131963 -1.2972374296619842 -2.2589681612418366 -0.5993308906348935 -1.7338146946657882 -1.5863691971504037 -2.0764767326481164 
-1.7600611535874864 -1.9440078633127809 -0.9509103097116329 -1.5283369914131963 -1.2972374296619842 -2.2589681612418366 -0.5993308906348935 -1.7338146946657882 -1.5863691971504037 -2.0764767326481164 
-1.7600611535874864 -1.9440078633127809 -0.9509103097116329 -1.5283369914131963 -1.2972374296619842 -2.2589681612418366 -0.5993308906348935 -1.7338146946657882 -1.5863691971504037 -2.0764767326481164 
-1.7600611535874864 -1.9440078633127809 -0.9509103097116329 -1.5283369914131963 -1.2972374296619842 -2.2589681612418366 -0.5993308906348935 -1.7338146946657882 -1.5863691971504037 -2.0764767326481164 
-1.7600611535874864 -1.9440078633127809 -0.9509103097116329 -1.5283369914131963 -1.2972374296619842 -2.2589681612418366 -0.5993308906348935 -1.7338146946657882 -1.5863691971504037 -2.0764767326481164 
-1.7600611535874864 -1.9440078633127809 -0.9509103097116329 -1.5283369914131963 -1.2972374296619842 -2.2589681612418366 -0.5993308906348935 -1.7338146946657882 -1.5863691971504037 -2.0764767326481164 
-1.7600611535874864 -1.9440078633127809 -0.9509103097116329 -1.5283369914131963 -1.2972374296619842 -2.2589681612418366 -0.5993308906348935 -1.7338146946657882 -1.5863691971504037 -2.0764767326481164 
-1.7600611535874864 -1.9440078633127809 -0.9509103097116329 -1.5283369914131963 -1.2972374296619842 -2.2589681612418366 -0.5993308906348935 -1.7338146946657882 -1.5863691971504037 -2.0764767326481164 
-1.7600611535874864 -1.9440078633127809 -0.9509103097116329 -1.5283369914131963 -1.2972374296619842 -2.2589681612418366 -0.5993308906348935 -1.7338146946657882 -1.5863691971504037 -2.0764767326481164 
-1.7600611535874864 -1.9440078633127809 -0.9509103097116329 -1.5283369914131963 -1.2972374296619842 -2.2589681612418366 -0.5993308906348935 -1.7338146946657882 -1.5863691971504037 -2.0764767326481164 
-1.7600611535874864 -1.9440078633127809 -0.9509103097116329 -1.5283369914131963 -1.2972374296619842 -2.2589681612418366 -0.5993308906348935 -1.7338146946657882 -1.5863691971504037 -2.0764767326481164 
-1.7600611535874864 -1.9440078633127809 -0.9509103097116329 -1.5283369914131963 -1.2972374296619842 -2.2589681612418366 -0.5993308906348935 -1.7338146946657882 -1.5863691971504037 -2.0764767326481164 
-1.7600611535874864 -1.9440078633127809 -0.9509103097116329 -1.5283369914131963 -1.2972374296619842 -2.2589681612418366 -0.5993308906348935 -1.7338146946657882 -1.5863691971504037 -2.0764767326481164 
-1.7600611535874864 -1.9440078633127809 -0.9509103097116329 -1.5283369914131963 -1.2972374296619842 -2.2589681612418366 -0.5993308906348935 -1.7338146946657882 -1.5863691971504037 -2.0764767326481164 
-1.7600611535874864 -1.9440078633127809 -0.9509103097116329 -1.5283369914131963 -1.2972374296619842 -2.2589681612418366 -0.5993308906348935 -1.7338146946657882 -1.5863691971504037 -2.0764767326481164 
-1.7600611535874864 -1.9440078633127809 -0.9509103097116329 -1.5283369914131963 -1.2972374296619842 -2.2589681612418366 -0.5993308906348935 -1.7338146946657882 -1.5863691971504037 -2.0764767326481164 
-1.7600611535874864 -1.9440078633127809 -0.9509103097116329 -1.5283369914131963 -1.2972374296619842 -2.2589681612418366 -0.5993308906348935 -1.7338146946657882 -1.5863691971504037 -2.0764767326481164 
-1.7600611535874864 -1.9440078633127809 -0.9509103097116329 -1.5283369914131963 -1.2972374296619842 -2.2589681612418366 -0.5993308906348935 -1.7338146946657882 -1.5863691971504037 -2.0764767326481164 
-1.7600611535874864 -1.9440078633127809 -0.9509103097116329 -1.5283369914131963 -1.2972374296619842 -2.2589681612418366 -0.5993308906348935 -1.7338146946657882 -1.5863691971504037 -2.0764767326481164 
-1.7600611535874864 -1.9440078633127809 -0.9509103097116329 -1.5283369914131963 -1.2972374296619842 -2.2589681612418366 -0.5993308906348935 -1.7338146946657882 -1.5863691971504037 -2.0764767326481164 
-1.7600611535874864 -1.9440078633127809 -0.9509103097116329 -1.5283369914131963 -1.2972374296619842 -2.2589681612418366 -0.5993308906348935 -1.7338146946657882 -1.5863691971504037 -2.0764767326481164 
-1.7600611535874864 -1.9440078633127809 -0.9509103097116329 -1.5283369914131963 -1.2972374296619842 -2.2589681612418366 -0.5993308906348935 -1.7338146946657882 -1.5863691971504037 -2.0764767326481164 
-1.7600611535874864 -1.9440078633127809 -0.9509103097116329 -1.5283369914131963 -1.2972374296619842 -2.2589681612418366 -0.5993308906348935 -1.7338146946657882 -1.5863691971504037 -2.0764767326481164 
-1.7600611535874864 -1.9440078633127809 -0.9509103097116329 -1.5283369914131963 -1.2972374296619842 -2.2589681612418366 -0.5993308906348935 -1.7338146946657882 -1.5863691971504037 -2.0764767326481164 
-1.7600611535874864 -1.9440078633127809 -0.9509103097116329 -1.5283369914131963 -1.2972374296619842 -2.2589681612418366 -0.5993308906348935 -1.7338146946657882 -1.5863691971504037 -2.0764767326481164 
-1.7600611535874864 -1.9440078633127809 -0.9509103097116329 -1.5283369914131963 -1.2972374296619842 -2.2589681612418366 -0.5993308906348935 -1.7338146946657882 -1.5863691971504037 -2.0764767326481164 
-1.7600611535874864 -1.9440078633127809 -0.9509103097116329 -1.5283369914131963 -1.2972374296619842 -2.2589681612418366 -0.5993308906348935 -1.7338146946657882 -1.5863691971504037 -2.0764767326481164 
-1.7600611535874864 -1.9440078633127809 -0.9509103097116329 -1.5283369914131963 -1.2972374296619842 -2.2589681612418366 -0.5993308906348935 -1.7338146946657882 -1.5863691971504037 -2.0764767326481164 
-1.7600611535874864 -1.9440078633127809 -0.9509103097116329 -1.5283369914131963 -1.2972374296619842 -2.2589681612418366 -0.5993308906348935 -1.7338146946657882 -1.5863691971504037 -2.0764767326481164 
-1.7600611535874864 -1.9440078633127809 -0.9509103097116329 -1.5283369914131963 -1.2972374296619842 -2.2589681612418366 -0.5993308906348935 -1.7338146946657882 -1.5863691971504037 -2.0764767326481164 
-1.7600611535874864 -1.9440078633127809 -0.9509103097116329 -1.5283369914131963 -1.2972374296619842 -2.2589681612418366 -0.5993308906348935 -1.7338146946657882 -1.5863691971504037 -2.0764767326481164 
-1.7600611535874864 -1.9440078633127809 -0.9509103097116329 -1.5283369914131963 -1.2972374296619842 -2.2589681612418366 -0.5993308906348935 -1.7338146946657882 -1.5863691971504037 -2.0764767326481164 
-1.7600611535874864 -1.9440078633127809 -0.9509103097116329 -1.5283369914131963 -1.2972374296619842 -2.2589681612418366 -0.5993308906348935 -1.7338146946657882 -1.5863691971504037 -2.0764767326481164 
-1.7600611535874864 -1.9440078633127809 -0.9509103097116329 -1.5283369914131963 -1.2972374296619842 -2.2589681612418366 -0.5993308906348935 -1.7338146946657882 -1.5863691971504037 -2.0764767326481164 
-1.7600611535874864 -1.9440078633127809 -0.9509103097116329 -1.5283369914131963 -1.2972374296619842 -2.2589681612418366 -0.5993308906348935 -1.7338146946657882 -1.5863691971504037 -2.0764767326481164 
-1.7600611535874864 -1.9440078633127809 -0.9509103097116329 -1.5283369914131963 -1.2972374296619842 -2.2589681612418366 -0.5993308906348935 -1.7338146946657882 -1.5863691971504037 -2.0764767326481164 
-1.7600611535874864 -1.9440078633127809 -0.9509103097116329 -1.5283369914131963 -1.2972374296619842 -2.2589681612418366 -0.5993308906348935 -1.7338146946657882 -1.5863691971504037 -2.0764767326481164 
-1.7600611535874864 -1.9440078633127809 -0.9509103097116329 -1.5283369914131963 -1.2972374296619842 -2.2589681612418366 -0.5993308906348935 -1.7338146946657882 -1.5863691971504037 -2.0764767326481164 
-1.7600611535874864 -1.9440078633127809 -0.9509103097116329 -1.5283369914131963 -1.2972374296619842 -2.2589681612418366 -0.5993308906348935 -1.7338146946657882 -1.5863691971504037 -2.0764767326481164 
-1.7600611535874864 -1.9440078633127809 -0.9509103097116329 -1.5283369914131963 -1.2972374296619842 -2.2589681612418366 -0.5993308906348935 -1.7338146946657882 -1.5863691971504037 -2.0764767326481164 
-1.7600611535874864 -1.9440078633127809 -0.9509103097116329 -1.5283369914131963 -1.2972374296619842 -2.2589681612418366 -0.5993308906348935 -1.7338146946657882 -1.5863691971504037 -2.0764767326481164 
-1.7600611535874864 -1.9440078633127809 -0.9509103097116329 -1.5283369914131963 -1.2972374296619842 -2.2589681612418366 -0.5993308906348935 -1.7338146946657882 -1.5863691971504037 -2.0764767326481164 
-1.7600611535874864 -1.9440078633127809 -0.9509103097116329 -1.5283369914131963 -1.2972374296619842 -2.2589681612418366 -0.5993308906348935 -1.7338146946657882 -1.5863691971504037 -2.0764767326481164 
-1.7600611535874864 -1.9440078633127809 -0.9509103097116329 -1.5283369914131963 -1.2972374296619842 -2.2589681612418366 -0.5993308906348935 -1.7338146946657882 -1.5863691971504037 -2.0764767326481164 
-1.7600611535874864 -1.9440078633127809 -0.9509103097116329 -1.5283369914131963 -1.2972374296619842 -2.2589681612418366 -0.5993308906348935 -1.7338146946657882 -1.5863691971504037 -2.0764767326481164 
-1.7600611535874864 -1.9440078633127809 -0.9509103097116329 -1.5283369914131963 -1.2972374296619842 -2.2589681612418366 -0.5993308906348935 -1.7338146946657882 -1.5863691971504037 -2.0764767326481164 
-1.7600611535874864 -1.9440078633127809 -0.9509103097116329 -1.5283369914131963 -1.5539068791314679 -2.2589681612418366 -0.5993308906348935 -1.7338146946657882 -1.5863691971504037 -2.0764767326481164 
-1.7600611535874864 -1.9440078633127809 -0.9509103097116329 -1.5283369914131963 -1.5539068791314679 -2.2589681612418366 -0.5993308906348935 -1.7338146946657882 -1.5863691971504037 -2.0764767326481164 
-1.7600611535874864 -1.9440078633127809 -0.9509103097116329 -1.5283369914131963 -1.5539068791314679 -2.2589681612418366 -0.5993308906348935 -1.7338146946657882 -1.5863691971504037 -2.0764767326481164 
-1.7600611535874864 -1.9440078633127809 -0.9509103097116329 -1.5283369914131963 -1.5539068791314679 -2.2589681612418366 -0.5993308906348935 -1.7338146946657882 -1.5863691971504037 -2.0764767326481164 
-1.7600611535874864 -1.9440078633127809 -0.9509103097116329 -1.5283369914131963 -1.5539068791314679 -2.2589681612418366 -0.5993308906348935 -1.7338146946657882 -1.5863691971504037 -2.0764767326481164 
-1.7600611535874864 -1.9440078633127809 -0.9509103097116329 -1.5283369914131963 -1.5539068791314679 -2.2589681612418366 -0.5993308906348935 -1.7338146946657882 -1.5863691971504037 -2.0764767326481164 
-1.7600611535874864 -1.9440078633127809 -0.9509103097116329 -1.5283369914131963 -1.5539068791314679 -2.2589681612418366 -0.5993308906348935 -1.7338146946657882 -1.5863691971504037 -2.0764767326481164 
-1.7600611535874864 -1.9440078633127809 -0.9509103097116329 -1.5283369914131963 -1.5539068791314679 -2.2589681612418366 -0.5993308906348935 -1.7338146946657882 -1.5863691971504037 -2.0764767326481164 
-1.7600611535874864 -1.9440078633127809 -0.9509103097116329 -1.5283369914131963 -1.5539068791314679 -2.2589681612418366 -0.5993308906348935 -1.7338146946657882 -1.5863691971504037 -2.0764767326481164 
-1.7600611535874864 -1.9440078633127809 -0.9509103097116329 -1.5283369914131963 -1.5539068791314679 -2.2589681612418366 -0.5993308906348935 -1.7338146946657882 -1.5863691971504037 -2.0764767326481164 
-1.7600611535874864 -1.9440078633127809 -0.9509103097116329 -1.5283369914131963 -1.5539068791314679 -2.2589681612418366 -0.5993308906348935 -1.7338146946657882 -1.5863691971504037 -2.0764767326481164 
-1.7600611535874864 -1.9440078633127809 -0.9509103097116329 -1.5283369914131963 -1.5539068791314679 -2.2589681612418366 -0.5993308906348935 -1.7338146946657882 -1.5863691971504037 -2.0764767326481164 
-1.7600611535874864 -1.9440078633127809 -0.9509103097116329 -1.5283369914131963 -1.5539068791314679 -2.2589681612418366 -0.5993308906348935 -1.7338146946657882 -1.5863691971504037 -2.0764767326481164 
-1.7600611535874864 -1.9440078633127809 -0.9509103097116329 -1.5283369914131963 -1.5539068791314679 -2.2589681612418366 -0.5993308906348935 -1.7338146946657882 -1.5863691971504037 -2.0764767326481164 
-1.7600611535874864 -1.9440078633127809 -0.9509103097116329 -1.5283369914131963 -1.5539068791314679 -2.2589681612418366 -0.5993308906348935 -1.7338146946657882 -1.5863691971504037 -2.0764767326481164 
-1.7600611535874864 -1.9440078633127809 -0.9509103097116329 -1.5283369914131963 -1.5539068791314679 -2.2589681612418366 -0.5993308906348935 -1.7338146946657882 -1.5863691971504037 -2.0764767326481164 
-1.7600611535874864 -1.9440078633127809 -0.9509103097116329 -1.5283369914131963 -1.5539068791314679 -2.2589681612418366 -0.5993308906348935 -1.7338146946657882 -1.5863691971504037 -2.0764767326481164 
-1.7600611535874864 -1.9440078633127809 -0.9509103097116329 -1.5283369914131963 -1.5539068791314679 -2.2589681612418366 -0.5993308906348935 -1.7338146946657882 -1.5863691971504037 -2.0764767326481164 
-1.7600611535874864 -1.9440078633127809 -0.9509103097116329 -1.5283369914131963 -1.5539068791314679 -2.2589681612418366 -0.5993308906348935 -1.7338146946657882 -1.5863691971504037 -2.0764767326481164 
-1.7600611535874864 -1.9440078633127809 -0.9509103097116329 -1.5283369914131963 -1.5539068791314679 -2.2589681612418366 -0.5993308906348935 -1.7338146946657882 -1.5863691971504037 -2.0764767326481164 
-1.7600611535874864 -1.9440078633127809 -0.9509103097116329 -1.5283369914131963 -1.5539068791314679 -2.2589681612418366 -0.5993308906348935 -1.7338146946657882 -1.5863691971504037 -2.0764767326481164 
-1.7600611535874864 -1.9440078633127809 -0.9509103097116329 -1.5283369914131963 -1.5539068791314679 -2.2589681612418366 -0.5993308906348935 -1.7338146946657882 -1.5863691971504037 -2.0764767326481164 
-1.7600611535874864 -1.9440078633127809 -0.9509103097116329 -1.5283369914131963 -1.5539068791314679 -2.2589681612418366 -0.5993308906348935 -1.7338146946657882 -1.5863691971504037 -2.0764767326481164 
-1.7600611535874864 -1.9440078633127809 -0.9509103097116329 -1.5283369914131963 -1.5539068791314679 -2.2589681612418366 -0.5993308906348935 -1.7338146946657882 -1.5863691971504037 -2.0764767326481164 
-1.7600611535874864 -1.9440078633127809 -0.9509103097116329 -1.5283369914131963 -1.5539068791314679 -2.2589681612418366 -0.5993308906348935 -1.7338146946657882 -1.5863691971504037 -2.0764767326481164 
-1.7600611535874864 -1.9440078633127809 -0.9509103097116329 -1.5283369914131963 -1.5539068791314679 -2.2589681612418366 -0.5993308906348935 -1.7338146946657882 -1.5863691971504037 -2.0764767326481164 
-1.7600611535874864 -1.9440078633127809 -0.9509103097116329 -1.5283369914131963 -1.5539068791314679 -2.2589681612418366 -0.5993308906348935 -1.7338146946657882 -1.5863691971504037 -2.0764767326481164 
-1.7600611535874864 -1.9440078633127809 -0.9509103097116329 -1.5283369914131963 -1.5539068791314679 -2.2589681612418366 -0.5993308906348935 -1.7338146946657882 -1.5863691971504037 -2.0764767326481164 
-1.7600611535874864 -1.9440078633127809 -0.9509103097116329 -1.5283369914131963 -1.5539068791314679 -2.2589681612418366 -0.5993308906348935 -1.7338146946657882 -1.5863691971504037 -2.0764767326481164 
-1.7600611535874864 -1.9440078633127809 -0.9509103097116329 -1.5283369914131963 -1.5539068791314679 -2.2589681612418366 -0.5993308906348935 -1.7338146946657882 -1.5863691971504037 -2.0764767326481164 
-1.7600611535874864 -1.9440078633127809 -0.9509103097116329 -1.5283369914131963 -1.5539068791314679 -2.2589681612418366 -0.5993308906348935 -1.7338146946657882 -1.5863691971504037 -2.0764767326481164 
-1.7600611535874864 -1.9440078633127809 -0.9509103097116329 -1.5283369914131963 -1.5539068791314679 -2.2589681612418366 -0.5993308906348935 -1.7338146946657882 -1.5863691971504037 -2.0764767326481164 
-1.7600611535874864 -1.9440078633127809 -0.9509103097116329 -1.5283369914131963 -1.5539068791314679 -2.2589681612418366 -0.5993308906348935 -1.7338146946657882 -1.5863691971504037 -2.0764767326481164 
-1.7600611535874864 -1.9440078633127809 -0.9509103097116329 -1.5283369914131963 -1.5539068791314679 -2.2589681612418366 -0.5993308906348935 -1.7338146946657882 -1.5863691971504037 -2.0764767326481164 
-1.7600611535874864 -1.9440078633127809 -0.9509103097116329 -1.5283369914131963 -1.5539068791314679 -2.2589681612418366 -0.5993308906348935 -1.7338146946657882 -1.5863691971504037 -2.0764767326481164 
-1.7600611535874864 -1.9440078633127809 -0.9509103097116329 -1.5283369914131963 -1.5539068791314679 -2.2589681612418366 -0.5993308906348935 -1.7338146946657882 -1.5863691971504037 -2.0764767326481164 
-1.7600611535874864 -1.9440078633127809 -0.9509103097116329 -1.5283369914131963 -1.5539068791314679 -2.2589681612418366 -0.5993308906348935 -1.7338146946657882 -1.5863691971504037 -2.0764767326481164 
-1.7600611535874864 -1.9440078633127809 -0.9509103097116329 -1.5283369914131963 -1.5539068791314679 -2.2589681612418366 -0.5993308906348935 -1.7338146946657882 -1.5863691971504037 -2.0764767326481164 
-1.7600611535874864 -1.9440078633127809 -0.9509103097116329 -1.5283369914131963 -1.5539068791314679 -2.2589681612418366 -0.5993308906348935 -1.7338146946657882 -1.5863691971504037 -2.0764767326481164 
-1.7600611535874864 -1.9440078633127809 -0.9509103097116329 -1.5283369914131963 -1.5539068791314679 -2.2589681612418366 -0.5993308906348935 -1.7338146946657882 -1.5863691971504037 -2.0764767326481164 
-1.7600611535874864 -1.9440078633127809 -0.9509103097116329 -1.5283369914131963 -1.5539068791314679 -2.2589681612418366 -0.5993308906348935 -1.7338146946657882 -1.5863691971504037 -2.0764767326481164 
-1.7600611535874864 -1.9440078633127809 -0.9509103097116329 -1.5283369914131963 -1.5539068791314679 -2.2589681612418366 -0.5993308906348935 -1.7338146946657882 -1.5863691971504037 -2.0764767326481164 
-1.7600611535874864 -1.9440078633127809 -0.9509103097116329 -1.5283369914131963 -1.5539068791314679 -2.2589681612418366 -0.5993308906348935 -1.7338146946657882 -1.5863691971504037 -2.0764767326481164 
-1.7600611535874864 -1.9440078633127809 -0.9509103097116329 -1.5283369914131963 -1.5539068791314679 -2.2589681612418366 -0.5993308906348935 -1.7338146946657882 -1.5863691971504037 -2.0764767326481164 
-1.7600611535874864 -1.9440078633127809 -0.9509103097116329 -1.5283369914131963 -1.5539068791314679 -2.2589681612418366 -0.5993308906348935 -1.7338146946657882 -1.5863691971504037 -2.0764767326481164 
-1.7600611535874864 -1.9440078633127809 -0.9509103097116329 -1.5283369914131963 -1.5539068791314679 -2.2589681612418366 -0.5993308906348935 -1.7338146946657882 -1.5863691971504037 -2.0764767326481164 
-1.7600611535874864 -1.9440078633127809 -0.9509103097116329 -1.5283369914131963 -1.5539068791314679 -2.2589681612418366 -0.5993308906348935 -1.7338146946657882 -1.5863691971504037 -2.0764767326481164 
-1.7600611535874864 -1.9440078633127809 -0.9509103097116329 -1.5283369914131963 -1.5539068791314679 -2.2589681612418366 -0.5993308906348935 -1.7338146946657882 -1.5863691971504037 -2.0764767326481164 
-1.7600611535874864 -1.9440078633127809 -0.9509103097116329 -1.5283369914131963 -1.5539068791314679 -2.2589681612418366 -0.5993308906348935 -1.7338146946657882 -1.5863691971504037 -2.0764767326481164 
-1.7600611535874864 -1.9440078633127809 -0.9509103097116329 -1.5283369914131963 -1.5539068791314679 -2.2589681612418366 -0.5993308906348935 -1.7338146946657882 -1.5863691971504037 -2.0764767326481164 
-1.7600611535874864 -1.9440078633127809 -0.9509103097116329 -1.5283369914131963 -1.5539068791314679 -2.2589681612418366 -0.5993308906348935 -1.7338146946657882 -1.5863691971504037 -2.0764767326481164 
-1.7600611535874864 -1.9440078633127809 -0.9509103097116329 -1.5283369914131963 -1.5539068791314679 -2.2589681612418366 -0.5993308906348935 -1.7338146946657882 -1.5863691971504037 -2.0764767326481164 
-1.7600611535874864 -1.9440078633127809 -0.9509103097116329 -1.5283369914131963 -1.5539068791314679 -2.2589681612418366 -0.5993308906348935 -1.7338146946657882 -1.5863691971504037 -2.0764767326481164 
-1.7858313299308617 -1.9440078633127809 -0.9509103097116329 -1.5283369914131963 -1.5539068791314679 -2.2589681612418366 -0.5993308906348935 -1.7338146946657882 -1.5863691971504037 -2.0764767326481164 
-1.7858313299308617 -1.9440078633127809 -0.9509103097116329 -1.5283369914131963 -1.5539068791314679 -2.2589681612418366 -0.5993308906348935 -1.7338146946657882 -1.5863691971504037 -2.0764767326481164 
-1.7858313299308617 -1.9440078633127809 -0.9509103097116329 -1.5283369914131963 -1.5539068791314679 -2.2589681612418366 -0.5993308906348935 -1.7338146946657882 -1.5863691971504037 -2.0764767326481164 
-1.7858313299308617 -1.9440078633127809 -0.9509103097116329 -1.5283369914131963 -1.5539068791314679 -2.2589681612418366 -0.5993308906348935 -1.7338146946657882 -1.5863691971504037 -2.0764767326481164 
