0.600211941709167 0.37670122228763353 0.9730329482432232 2.611787617107566 3.948487276469281 0.942921576175947 0.980244947005131 0.9780509417843605 0.9893607042387016 0.9490550246854075 
0.5867194882377215 0.37670122228763353 0.37661602294728463 -0.3898796114858772 0.44761510459121273 0.4167675623756504 0.7071945728009477 0.8159195491578214 0.6812703935924892 0.8136753825945215 
0.5867194882377215 0.37670122228763353 0.19795375634776302 -0.6148658732880896 0.44761510459121273 0.4167675623756504 0.7071945728009477 0.7941961636363095 0.6812703935924892 0.8136753825945215 
0.5867194882377215 0.37670122228763353 0.19795375634776302 -0.6148658732880896 0.2682595383757954 0.4167675623756504 0.7071945728009477 0.7941961636363095 -0.0918472964248252 0.8136753825945215 
0.513950663584235 0.37670122228763353 0.19795375634776302 -0.6148658732880896 0.2682595383757954 0.1349638138961989 0.6584890736908471 0.7941961636363095 -0.0918472964248252 0.8136753825945215 
0.513950663584235 0.37670122228763353 0.19795375634776302 -0.6148658732880896 0.2682595383757954 0.1349638138961989 0.6584890736908471 0.7941961636363095 -0.0918472964248252 0.8136753825945215 
0.513950663584235 0.37670122228763353 0.19795375634776302 -0.6148658732880896 0.2682595383757954 0.1349638138961989 0.6584890736908471 0.7941961636363095 -0.0918472964248252 0.8136753825945215 
0.513950663584235 0.24936094141330584 0.19795375634776302 -0.6148658732880896 0.2682595383757954 0.1349638138961989 0.6584890736908471 0.7941961636363095 -0.0918472964248252 0.7096632510929131 
0.513950663584235 0.24936094141330584 0.19795375634776302 -1.4856712880824325 0.2682595383757954 0.04401183785640861 0.2497578322260739 0.7941961636363095 -0.0918472964248252 -0.2189103872785939 
0.513950663584235 0.24936094141330584 0.19795375634776302 -1.4856712880824325 -0.11967625937970006 -0.0637281528193141 0.024464158190340923 0.7941961636363095 -0.0918472964248252 -0.2189103872785939 
0.513950663584235 0.24936094141330584 0.19795375634776302 -1.4856712880824325 -0.11967625937970006 -0.0637281528193141 -0.014734619018982431 0.7941961636363095 -0.0918472964248252 -0.2189103872785939 
0.513950663584235 0.24936094141330584 0.19795375634776302 -1.4856712880824325 -0.11967625937970006 -0.0637281528193141 -0.40474142258251244 0.7941961636363095 -0.0918472964248252 -0.2189103872785939 
0.513950663584235 0.24936094141330584 0.19795375634776302 -1.4856712880824325 -0.11967625937970006 -0.0637281528193141 -0.40474142258251244 0.7941961636363095 -0.0918472964248252 -0.2189103872785939 
0.513950663584235 0.24936094141330584 0.19795375634776302 -1.4856712880824325 -0.11967625937970006 -0.0637281528193141 -0.40474142258251244 0.6144533105517664 -0.0918472964248252 -0.2189103872785939 
-0.5152300224091985 0.002517378916658153 0.19795375634776302 -1.4856712880824325 -0.11967625937970006 -0.5751747466555257 -0.40474142258251244 0.6144533105517664 -0.0918472964248252 -0.2189103872785939 
-0.5152300224091985 0.002517378916658153 0.19795375634776302 -1.4856712880824325 -0.11967625937970006 -0.5751747466555257 -0.40474142258251244 0.6144533105517664 -0.0918472964248252 -0.2189103872785939 
-0.7397117929653136 0.002517378916658153 0.19795375634776302 -1.4856712880824325 -0.11967625937970006 -0.5751747466555257 -0.40474142258251244 0.5716314149790211 -0.0918472964248252 -0.2189103872785939 
-0.7397117929653136 -0.859885546384404 0.19795375634776302 -1.4856712880824325 -0.11967625937970006 -0.5751747466555257 -0.40474142258251244 0.5716314149790211 -0.0918472964248252 -0.556381498437924 
-0.7397117929653136 -0.859885546384404 0.13873609440629686 -1.4856712880824325 -0.11967625937970006 -0.5751747466555257 -0.40474142258251244 0.5716314149790211 -0.0918472964248252 -0.556381498437924 
-0.7397117929653136 -0.859885546384404 0.13873609440629686 -1.4856712880824325 -0.11967625937970006 -0.5751747466555257 -0.40474142258251244 0.5646015161708577 -0.0918472964248252 -1.565796340354206 
-0.7397117929653136 -0.859885546384404 0.13873609440629686 -1.4856712880824325 -0.11967625937970006 -0.5751747466555257 -0.40474142258251244 0.5646015161708577 -0.0918472964248252 -1.565796340354206 
-0.7397117929653136 -0.859885546384404 0.13873609440629686 -1.4856712880824325 -0.11967625937970006 -0.5751747466555257 -0.40474142258251244 0.023342126985400002 -0.0918472964248252 -1.565796340354206 
-0.7397117929653136 -0.859885546384404 0.13873609440629686 -1.4856712880824325 -0.11967625937970006 -0.5751747466555257 -0.40474142258251244 0.023342126985400002 -0.0918472964248252 -1.565796340354206 
-0.7397117929653136 -0.859885546384404 0.13873609440629686 -1.4856712880824325 -0.11967625937970006 -0.5751747466555257 -0.40474142258251244 0.023342126985400002 -0.0918472964248252 -1.565796340354206 
-0.7397117929653136 -0.859885546384404 0.13873609440629686 -1.4856712880824325 -0.11967625937970006 -0.5751747466555257 -2.1951230839971307 0.023342126985400002 -0.0918472964248252 -1.565796340354206 
-0.7397117929653136 -0.859885546384404 0.13873609440629686 -1.4856712880824325 -0.11967625937970006 -0.5751747466555257 -2.1951230839971307 0.023342126985400002 -0.19497254487068238 -1.565796340354206 
-0.7397117929653136 -0.859885546384404 0.13873609440629686 -1.4856712880824325 -0.11967625937970006 -0.5751747466555257 -2.1951230839971307 0.023342126985400002 -0.19497254487068238 -1.565796340354206 
-0.7397117929653136 -0.859885546384404 0.13873609440629686 -1.4856712880824325 -0.11967625937970006 -0.5751747466555257 -2.1951230839971307 0.023342126985400002 -0.19497254487068238 -1.565796340354206 
-0.8461420004893261 -0.859885546384404 0.13873609440629686 -1.4856712880824325 -0.11967625937970006 -0.5751747466555257 -2.1951230839971307 0.023342126985400002 -0.19497254487068238 -1.565796340354206 
-0.8461420004893261 -0.859885546384404 0.13873609440629686 -1.4856712880824325 -0.11967625937970006 -0.5751747466555257 -2.1951230839971307 0.023342126985400002 -0.19497254487068238 -1.565796340354206 
-1.3376518599984821 -0.859885546384404 0.13873609440629686 -1.4856712880824325 -0.11967625937970006 -0.5751747466555257 -2.1951230839971307 0.023342126985400002 -0.19497254487068238 -1.565796340354206 
-1.3376518599984821 -0.859885546384404 0.13873609440629686 -1.4856712880824325 -0.11967625937970006 -0.5751747466555257 -2.1951230839971307 0.023342126985400002 -0.20482778494184234 -1.565796340354206 
-1.3376518599984821 -0.859885546384404 -0.2482529121850841 -1.4856712880824325 -0.11967625937970006 -0.5751747466555257 -2.1951230839971307 0.023342126985400002 -0.20482778494184234 -1.565796340354206 
-1.3376518599984821 -0.859885546384404 -0.2482529121850841 -1.4856712880824325 -0.11967625937970006 -0.5751747466555257 -2.1951230839971307 0.023342126985400002 -0.20482778494184234 -1.565796340354206 
-1.3376518599984821 -0.859885546384404 -0.2482529121850841 -1.4856712880824325 -0.11967625937970006 -0.5751747466555257 -2.1951230839971307 0.023342126985400002 -0.20482778494184234 -1.565796340354206 
-1.3376518599984821 -0.859885546384404 -0.2482529121850841 -1.4856712880824325 -0.11967625937970006 -0.5751747466555257 -2.1951230839971307 0.023342126985400002 -0.20482778494184234 -1.565796340354206 
