1.5093668555258757 1.8999044842418868 4.401824202895765 0.1251328218858294 0.5353344289364063 0.4442935453046531 0.9933336310557432 0.5226642176538536 0.6847627058292617 0.6117545208241956 
1.202207124865685 0.8578055911374673 0.05826226105301344 0.1251328218858294 0.5353344289364063 0.1462825391676254 -0.057873398966098444 0.5226642176538536 0.6847627058292617 0.6117545208241956 
0.6410159916944704 0.8578055911374673 0.05826226105301344 0.1251328218858294 0.5353344289364063 -0.07993660359802612 -0.057873398966098444 0.5226642176538536 0.6847627058292617 0.6117545208241956 
0.7563667205482991 0.5832800128995508 0.5395916676926931 0.9413288219245528 0.6703962697980583 -1.55476670875589 0.861494105622635 0.7358415257522031 0.7524152764060168 0.1089264723233967 
0.7563667205482991 0.5618345622573186 0.5395916676926931 0.7738826620509678 0.6703962697980583 -1.55476670875589 0.7457664635450222 0.7358415257522031 0.7291704358791196 0.1089264723233967 
0.6246228199326094 0.5618345622573186 0.5395916676926931 0.7738826620509678 0.6619362653346238 -1.55476670875589 0.7457664635450222 0.7358415257522031 0.698203131378648 0.1089264723233967 
0.6246228199326094 0.5618345622573186 0.5395916676926931 0.6464009507849849 0.38265363454067197 -1.55476670875589 0.6737678595089545 0.7358415257522031 0.698203131378648 0.1089264723233967 
0.6246228199326094 0.5618345622573186 0.5395916676926931 0.6205594004442027 0.38265363454067197 -1.55476670875589 0.6737678595089545 0.7358415257522031 -0.3615966865183353 0.1089264723233967 
0.45371787064087066 0.5618345622573186 0.46892040982356986 0.6205594004442027 0.38265363454067197 -1.55476670875589 0.6737678595089545 0.7358415257522031 -0.3615966865183353 0.1089264723233967 
0.45371787064087066 0.5618345622573186 0.46892040982356986 0.6205594004442027 0.38265363454067197 -1.55476670875589 0.6737678595089545 0.7358415257522031 -0.3615966865183353 -0.18285732095070073 
0.45371787064087066 0.5618345622573186 0.46892040982356986 0.6205594004442027 0.38265363454067197 -1.55476670875589 0.6737678595089545 0.7358415257522031 -0.3615966865183353 -0.18285732095070073 
0.45371787064087066 0.5618345622573186 0.46892040982356986 0.6205594004442027 0.38265363454067197 -1.55476670875589 0.6737678595089545 0.7358415257522031 -0.3615966865183353 -0.18285732095070073 
0.45371787064087066 0.5618345622573186 0.46892040982356986 0.6205594004442027 0.38265363454067197 -1.55476670875589 0.6737678595089545 0.7358415257522031 -0.3615966865183353 -0.18285732095070073 
0.45371787064087066 0.5618345622573186 0.46892040982356986 0.6205594004442027 0.38265363454067197 -1.55476670875589 0.6267056968077829 0.4550241251463348 -0.3615966865183353 -0.3046200488416745 
0.45371787064087066 0.5618345622573186 0.006661331557858419 0.4242040599033416 0.38265363454067197 -1.55476670875589 0.6267056968077829 0.4550241251463348 -0.3615966865183353 -0.3046200488416745 
0.45371787064087066 0.5618345622573186 0.006661331557858419 0.4242040599033416 0.38265363454067197 -1.55476670875589 0.6267056968077829 0.4550241251463348 -0.3615966865183353 -0.3046200488416745 
-0.1343196340045335 0.5373857321392058 0.006661331557858419 0.4242040599033416 0.38265363454067197 -1.55476670875589 0.5687562240009473 0.4550241251463348 -0.3615966865183353 -0.9481803241711966 
0.47975841441597533 1.6223163540352183 1.4146881592129648 0.5720311680458255 0.9598827713796858 0.8859767022949531 0.8251893528449873 1.5802895100308267 2.0967605796136146 0.6425886031178326 
-0.38474537046326046 -1.430606921733084 0.840771755691123 0.5720311680458255 0.8278767647057328 0.6162110621110746 -0.2068466638508868 1.0717761295961832 -0.6011227216480515 0.6425886031178326 
-0.38474537046326046 -1.430606921733084 0.840771755691123 0.48163441300232235 0.8278767647057328 0.3241799785947351 -0.2068466638508868 1.0717761295961832 -0.6011227216480515 0.6425886031178326 
-0.38474537046326046 -1.430606921733084 0.7012089397210626 0.48163441300232235 0.37286247349471946 0.03975475459007502 -0.2068466638508868 -0.013392386714006027 -0.6011227216480515 0.6425886031178326 
-0.38474537046326046 -1.430606921733084 0.4314024743378998 0.48163441300232235 0.37286247349471946 0.03975475459007502 -0.2068466638508868 -0.013392386714006027 -0.6011227216480515 0.5835513301444581 
-0.38474537046326046 -1.430606921733084 0.4314024743378998 0.48163441300232235 0.37286247349471946 0.03975475459007502 -0.2068466638508868 -0.013392386714006027 -0.6011227216480515 0.5835513301444581 
-0.38474537046326046 -1.430606921733084 0.4314024743378998 0.48163441300232235 0.37286247349471946 -0.332374189570242 -0.2068466638508868 -0.013392386714006027 -0.6011227216480515 0.5835513301444581 
-0.38474537046326046 -1.430606921733084 0.4314024743378998 0.48163441300232235 0.37286247349471946 -0.332374189570242 -0.2068466638508868 -0.013392386714006027 -0.6011227216480515 0.5835513301444581 
-0.7301004147904571 -1.430606921733084 0.4314024743378998 0.48163441300232235 0.37286247349471946 -0.332374189570242 -0.2068466638508868 -0.013392386714006027 -0.6011227216480515 0.20631609550775462 
-0.7301004147904571 -1.430606921733084 0.4314024743378998 0.48163441300232235 0.37286247349471946 -0.332374189570242 -0.2068466638508868 -0.013392386714006027 -0.6011227216480515 0.20631609550775462 
-0.7301004147904571 -1.8267334523332477 0.4314024743378998 0.48163441300232235 0.003534996443209204 -0.332374189570242 -0.2068466638508868 -0.26803699726540453 -0.6660939734432038 0.20631609550775462 
-0.7301004147904571 -1.8267334523332477 0.4314024743378998 0.48163441300232235 -0.1022810063281383 -0.332374189570242 -0.2068466638508868 -0.26803699726540453 -0.6660939734432038 0.20631609550775462 
-0.7301004147904571 -1.8267334523332477 0.4314024743378998 0.48163441300232235 -1.3465350077066696 -0.332374189570242 -0.2068466638508868 -0.26803699726540453 -0.6660939734432038 0.20631609550775462 
-0.7301004147904571 -1.8267334523332477 0.4314024743378998 0.48163441300232235 -1.3465350077066696 -0.332374189570242 -0.2068466638508868 -0.26803699726540453 -0.6926053474284835 -0.15697261847051747 
-0.7301004147904571 -1.8267334523332477 0.4314024743378998 0.48163441300232235 -1.3465350077066696 -0.332374189570242 -0.2068466638508868 -0.26803699726540453 -0.6926053474284835 -0.15697261847051747 
-0.7301004147904571 -1.8267334523332477 0.4314024743378998 0.48163441300232235 -1.3465350077066696 -0.332374189570242 -0.2068466638508868 -0.26803699726540453 -0.6926053474284835 -0.5312310368828352 
-0.7301004147904571 -1.8267334523332477 0.4314024743378998 0.48163441300232235 -1.3465350077066696 -0.332374189570242 -0.2068466638508868 -0.26803699726540453 -0.6926053474284835 -0.5312310368828352 
-0.7301004147904571 -1.8267334523332477 -0.8179221733960496 0.48163441300232235 -1.3465350077066696 -0.332374189570242 -0.2068466638508868 -0.26803699726540453 -0.6926053474284835 -0.5312310368828352 
-0.7301004147904571 -1.8267334523332477 -0.8179221733960496 0.48163441300232235 -1.3465350077066696 -0.332374189570242 -0.2068466638508868 -0.30448339235382027 -0.6926053474284835 -0.5312310368828352 
-0.7301004147904571 -1.8267334523332477 -0.8179221733960496 0.48163441300232235 -1.3465350077066696 -0.332374189570242 -0.2068466638508868 -0.30448339235382027 -0.6926053474284835 -0.5312310368828352 
-0.7301004147904571 -1.8267334523332477 -0.8179221733960496 0.4232446869197195 -1.3465350077066696 -0.332374189570242 -0.2068466638508868 -0.30448339235382027 -0.6926053474284835 -0.5312310368828352 
-0.7301004147904571 -1.8267334523332477 -0.8179221733960496 0.29346661426375664 -1.3465350077066696 -0.332374189570242 -0.33453403480893806 -0.30448339235382027 -0.6926053474284835 -0.5312310368828352 
-0.7301004147904571 -1.8267334523332477 -0.8179221733960496 0.1758602805273486 -1.3465350077066696 -0.332374189570242 -0.33453403480893806 -0.30448339235382027 -0.6926053474284835 -0.5312310368828352 
-0.7301004147904571 -1.8267334523332477 -0.8179221733960496 0.1758602805273486 -1.3465350077066696 -0.332374189570242 -0.33453403480893806 -0.30448339235382027 -0.6926053474284835 -0.5312310368828352 
-0.7301004147904571 -1.8267334523332477 -0.8179221733960496 0.1758602805273486 -1.3465350077066696 -0.332374189570242 -0.33453403480893806 -0.30448339235382027 -0.6926053474284835 -0.5312310368828352 
-0.7301004147904571 -1.8267334523332477 -0.8179221733960496 0.1758602805273486 -1.3465350077066696 -0.332374189570242 -0.33453403480893806 -0.30448339235382027 -0.6926053474284835 -0.5312310368828352 
-0.7301004147904571 -1.8267334523332477 -0.8179221733960496 0.1758602805273486 -1.3465350077066696 -0.332374189570242 -0.33453403480893806 -0.30448339235382027 -0.6926053474284835 -0.5312310368828352 
-0.7301004147904571 -1.8267334523332477 -0.8179221733960496 0.1758602805273486 -1.3465350077066696 -0.332374189570242 -0.33453403480893806 -0.43402320561401503 -0.6926053474284835 -0.5312310368828352 
-0.7301004147904571 -1.8267334523332477 -0.8179221733960496 0.14717933731965252 -1.3465350077066696 -0.332374189570242 -0.33453403480893806 -0.43402320561401503 -0.6926053474284835 -0.5312310368828352 
-0.7301004147904571 -1.8267334523332477 -0.8179221733960496 0.14717933731965252 -1.3465350077066696 -0.332374189570242 -0.33453403480893806 -0.43402320561401503 -0.6926053474284835 -0.5312310368828352 
-0.7301004147904571 -1.8267334523332477 -0.8179221733960496 0.14717933731965252 -1.3465350077066696 -0.332374189570242 -0.33453403480893806 -0.43402320561401503 -0.6926053474284835 -0.5312310368828352 
-0.7301004147904571 -1.8267334523332477 -0.8179221733960496 0.14717933731965252 -1.3465350077066696 -0.332374189570242 -0.33453403480893806 -0.43402320561401503 -0.6926053474284835 -0.5312310368828352 
-0.7301004147904571 -1.8267334523332477 -0.8179221733960496 0.14717933731965252 -1.3465350077066696 -0.332374189570242 -0.33453403480893806 -0.43402320561401503 -0.6926053474284835 -0.5312310368828352 
-0.7301004147904571 -1.8267334523332477 -0.8179221733960496 0.14717933731965252 -1.3465350077066696 -0.332374189570242 -0.33453403480893806 -0.43402320561401503 -0.6926053474284835 -0.5312310368828352 
-1.0523827845577243 -1.8267334523332477 -0.8179221733960496 0.14717933731965252 -1.3465350077066696 -0.332374189570242 -0.33453403480893806 -0.43402320561401503 -0.6926053474284835 -0.5312310368828352 
-1.0523827845577243 -1.9420986039238872 -0.8179221733960496 0.14717933731965252 -1.3465350077066696 -0.5169538246528256 -0.5576972496815293 -0.43402320561401503 -0.6926053474284835 -0.5312310368828352 
-1.0523827845577243 -1.9420986039238872 -0.8179221733960496 0.14717933731965252 -1.3465350077066696 -0.5169538246528256 -0.8028562861983055 -0.43402320561401503 -0.6926053474284835 -0.5312310368828352 
-1.0523827845577243 -1.9420986039238872 -0.8179221733960496 0.14717933731965252 -1.3465350077066696 -0.5169538246528256 -0.8028562861983055 -0.43402320561401503 -0.6926053474284835 -0.5312310368828352 
-1.0523827845577243 -1.9420986039238872 -0.8179221733960496 0.14717933731965252 -1.3465350077066696 -0.5169538246528256 -0.8028562861983055 -0.43402320561401503 -0.6926053474284835 -0.5312310368828352 
-1.0523827845577243 -1.9420986039238872 -0.8179221733960496 0.14717933731965252 -1.3465350077066696 -0.5169538246528256 -0.8028562861983055 -0.43402320561401503 -0.6926053474284835 -0.5312310368828352 
-1.0523827845577243 -1.9420986039238872 -0.8179221733960496 0.14717933731965252 -1.3465350077066696 -0.5169538246528256 -0.8028562861983055 -0.43402320561401503 -0.6926053474284835 -0.5312310368828352 
-1.0523827845577243 -1.9420986039238872 -0.8179221733960496 0.14717933731965252 -1.3465350077066696 -0.5169538246528256 -0.8028562861983055 -0.43402320561401503 -0.6926053474284835 -0.5312310368828352 
-1.6093756418375182 -1.9420986039238872 -0.8179221733960496 0.14717933731965252 -1.3465350077066696 -1.8590183969802967 -0.8028562861983055 -0.43402320561401503 -0.6926053474284835 -0.5312310368828352 
-1.6093756418375182 -1.9420986039238872 -0.8179221733960496 -0.2721342098760318 -1.3465350077066696 -1.8590183969802967 -0.8028562861983055 -0.43402320561401503 -0.6926053474284835 -0.5312310368828352 
-1.6093756418375182 -1.9420986039238872 -0.8179221733960496 -0.2721342098760318 -1.3465350077066696 -1.8590183969802967 -0.8028562861983055 -0.43402320561401503 -0.6926053474284835 -0.5312310368828352 
-1.6093756418375182 -1.9420986039238872 -0.8179221733960496 -0.2721342098760318 -1.3465350077066696 -1.8590183969802967 -0.8028562861983055 -0.43402320561401503 -0.6926053474284835 -0.5312310368828352 
-1.6093756418375182 -1.9420986039238872 -0.8179221733960496 -0.2721342098760318 -1.3465350077066696 -1.8590183969802967 -0.8028562861983055 -0.43402320561401503 -0.6926053474284835 -0.5312310368828352 
-2.022991972954928 -1.9420986039238872 -0.8179221733960496 -0.2721342098760318 -1.3465350077066696 -1.8590183969802967 -0.8028562861983055 -0.43402320561401503 -0.6926053474284835 -0.5312310368828352 
-2.022991972954928 -1.9420986039238872 -0.8179221733960496 -0.2721342098760318 -1.3465350077066696 -1.8590183969802967 -0.8028562861983055 -0.43402320561401503 -0.6926053474284835 -0.5312310368828352 
-2.022991972954928 -1.9420986039238872 -0.8179221733960496 -0.2721342098760318 -1.3465350077066696 -1.8590183969802967 -0.8028562861983055 -0.43402320561401503 -0.6926053474284835 -0.5312310368828352 
-2.022991972954928 -1.9420986039238872 -0.8179221733960496 -0.2721342098760318 -1.3465350077066696 -1.8590183969802967 -0.8028562861983055 -0.43402320561401503 -0.6926053474284835 -0.5312310368828352 
-2.022991972954928 -1.9420986039238872 -0.8179221733960496 -0.2721342098760318 -1.3465350077066696 -1.8590183969802967 -0.8028562861983055 -0.43402320561401503 -0.6926053474284835 -0.5312310368828352 
-2.022991972954928 -1.9420986039238872 -0.8179221733960496 -0.2721342098760318 -1.3465350077066696 -1.8590183969802967 -0.8028562861983055 -0.43402320561401503 -0.6926053474284835 -0.5312310368828352 
-2.022991972954928 -1.9420986039238872 -0.8179221733960496 -0.2721342098760318 -1.3465350077066696 -1.8590183969802967 -0.8028562861983055 -0.43402320561401503 -0.6926053474284835 -0.5312310368828352 
-2.022991972954928 -1.9420986039238872 -0.8179221733960496 -0.2721342098760318 -1.3465350077066696 -1.8590183969802967 -0.8028562861983055 -0.43402320561401503 -0.6926053474284835 -0.5312310368828352 
-2.022991972954928 -1.9420986039238872 -0.8179221733960496 -0.2721342098760318 -1.3465350077066696 -1.8590183969802967 -0.8028562861983055 -0.43402320561401503 -0.6926053474284835 -0.5312310368828352 
-2.022991972954928 -1.9420986039238872 -0.8179221733960496 -0.2721342098760318 -1.3465350077066696 -1.8590183969802967 -0.8028562861983055 -0.43402320561401503 -0.6926053474284835 -0.5312310368828352 
-2.022991972954928 -1.9420986039238872 -0.8179221733960496 -0.2721342098760318 -1.3465350077066696 -1.8590183969802967 -0.8028562861983055 -0.43402320561401503 -0.6926053474284835 -0.5312310368828352 
-2.022991972954928 -1.9420986039238872 -0.8179221733960496 -0.2721342098760318 -1.3465350077066696 -1.8590183969802967 -0.8028562861983055 -0.43402320561401503 -0.6926053474284835 -0.5312310368828352 
-2.022991972954928 -1.9420986039238872 -0.8179221733960496 -0.2721342098760318 -1.3465350077066696 -1.8590183969802967 -0.8028562861983055 -0.43402320561401503 -0.6926053474284835 -0.5312310368828352 
-2.022991972954928 -1.9420986039238872 -0.8179221733960496 -0.2721342098760318 -1.3465350077066696 -1.8590183969802967 -0.8028562861983055 -0.43402320561401503 -0.6926053474284835 -0.5312310368828352 
-2.022991972954928 -1.9420986039238872 -0.8179221733960496 -0.2721342098760318 -1.3465350077066696 -1.8590183969802967 -0.8028562861983055 -0.43402320561401503 -0.6926053474284835 -0.5312310368828352 
-2.022991972954928 -1.9420986039238872 -0.8179221733960496 -0.2721342098760318 -1.3465350077066696 -1.8590183969802967 -0.8028562861983055 -0.43402320561401503 -0.6926053474284835 -0.5312310368828352 
-2.022991972954928 -1.9420986039238872 -0.8179221733960496 -0.2721342098760318 -1.3465350077066696 -1.8590183969802967 -0.8028562861983055 -0.43402320561401503 -0.6926053474284835 -0.5401366540341508 
-2.022991972954928 -1.9420986039238872 -0.8179221733960496 -0.2721342098760318 -1.3465350077066696 -1.8590183969802967 -0.8028562861983055 -0.43402320561401503 -0.6926053474284835 -0.5401366540341508 
-2.022991972954928 -1.9420986039238872 -0.8179221733960496 -0.2721342098760318 -1.3465350077066696 -1.8590183969802967 -0.8028562861983055 -0.43402320561401503 -0.6926053474284835 -0.5401366540341508 
-2.022991972954928 -1.9420986039238872 -0.8179221733960496 -0.2721342098760318 -1.3465350077066696 -1.8590183969802967 -0.8028562861983055 -0.43402320561401503 -0.6926053474284835 -0.5401366540341508 
-2.022991972954928 -1.9420986039238872 -0.8179221733960496 -0.2721342098760318 -1.3465350077066696 -1.8590183969802967 -0.8028562861983055 -0.43402320561401503 -0.6926053474284835 -0.5401366540341508 
-2.022991972954928 -1.9420986039238872 -0.8179221733960496 -0.2721342098760318 -1.3465350077066696 -1.8590183969802967 -0.8028562861983055 -0.43402320561401503 -0.6926053474284835 -0.5401366540341508 
-2.022991972954928 -1.9420986039238872 -0.8179221733960496 -0.2721342098760318 -1.3465350077066696 -1.8590183969802967 -0.8028562861983055 -0.43402320561401503 -0.6926053474284835 -0.5401366540341508 
-2.022991972954928 -1.9420986039238872 -0.8179221733960496 -0.2721342098760318 -1.3465350077066696 -1.8590183969802967 -0.8028562861983055 -0.43402320561401503 -0.6926053474284835 -0.5401366540341508 
-2.022991972954928 -1.9420986039238872 -0.8179221733960496 -0.2721342098760318 -1.3465350077066696 -1.8590183969802967 -0.8028562861983055 -0.43402320561401503 -0.6926053474284835 -0.5401366540341508 
-2.022991972954928 -1.9420986039238872 -0.8179221733960496 -0.2721342098760318 -1.3465350077066696 -1.8590183969802967 -0.8028562861983055 -0.43402320561401503 -0.6926053474284835 -0.5401366540341508 
-2.022991972954928 -1.9420986039238872 -0.8179221733960496 -0.2721342098760318 -1.3465350077066696 -1.8590183969802967 -0.8028562861983055 -0.43402320561401503 -0.6926053474284835 -0.5401366540341508 
-2.022991972954928 -1.9420986039238872 -0.8179221733960496 -0.2721342098760318 -1.3465350077066696 -1.8590183969802967 -0.8028562861983055 -0.43402320561401503 -0.6926053474284835 -0.5401366540341508 
-2.022991972954928 -1.9420986039238872 -0.8179221733960496 -0.2721342098760318 -1.3465350077066696 -1.8590183969802967 -0.8028562861983055 -0.43402320561401503 -0.6926053474284835 -0.5401366540341508 
-2.022991972954928 -1.9420986039238872 -0.8179221733960496 -0.2721342098760318 -1.3465350077066696 -1.8590183969802967 -0.8028562861983055 -0.43402320561401503 -0.6926053474284835 -0.5401366540341508 
-2.022991972954928 -1.9420986039238872 -0.8179221733960496 -0.2721342098760318 -1.3465350077066696 -1.8590183969802967 -0.8028562861983055 -0.43402320561401503 -0.6926053474284835 -0.5401366540341508 
-2.022991972954928 -1.9420986039238872 -0.8179221733960496 -0.2721342098760318 -1.3465350077066696 -1.8590183969802967 -0.8028562861983055 -0.43402320561401503 -0.6926053474284835 -0.5401366540341508 
-2.022991972954928 -1.9420986039238872 -0.8179221733960496 -0.2721342098760318 -1.3465350077066696 -1.8590183969802967 -0.8028562861983055 -0.43402320561401503 -0.6926053474284835 -0.5401366540341508 
-2.022991972954928 -1.9420986039238872 -0.8179221733960496 -0.2721342098760318 -1.3465350077066696 -1.8590183969802967 -0.8028562861983055 -0.43402320561401503 -0.6926053474284835 -0.5401366540341508 
-2.022991972954928 -1.9420986039238872 -0.8179221733960496 -0.2721342098760318 -1.3465350077066696 -1.8590183969802967 -0.8028562861983055 -0.43402320561401503 -0.6926053474284835 -0.5401366540341508 
-2.022991972954928 -1.9420986039238872 -0.8179221733960496 -0.2721342098760318 -1.3465350077066696 -1.8590183969802967 -0.8028562861983055 -0.43402320561401503 -3.352919344166624 -0.5401366540341508 
-2.022991972954928 -1.9420986039238872 -0.8179221733960496 -0.2721342098760318 -1.3465350077066696 -1.8590183969802967 -0.8028562861983055 -0.43402320561401503 -3.352919344166624 -0.5401366540341508 
-2.022991972954928 -1.9420986039238872 -0.8179221733960496 -0.2721342098760318 -1.3465350077066696 -1.8590183969802967 -0.8028562861983055 -0.43402320561401503 -3.352919344166624 -0.5401366540341508 
-2.022991972954928 -1.9420986039238872 -0.8179221733960496 -0.2721342098760318 -1.3465350077066696 -1.8590183969802967 -0.8028562861983055 -0.43402320561401503 -3.352919344166624 -0.5401366540341508 
-2.022991972954928 -1.9420986039238872 -0.8179221733960496 -0.2721342098760318 -1.3465350077066696 -1.8590183969802967 -0.8028562861983055 -0.43402320561401503 -3.352919344166624 -1.2251673473214764 
-2.022991972954928 -1.9420986039238872 -0.8179221733960496 -0.2721342098760318 -1.3465350077066696 -1.8590183969802967 -0.8028562861983055 -0.43402320561401503 -3.352919344166624 -1.2251673473214764 
-2.022991972954928 -1.9420986039238872 -0.8179221733960496 -0.2721342098760318 -1.3465350077066696 -1.8590183969802967 -0.8028562861983055 -0.43402320561401503 -3.352919344166624 -1.2251673473214764 
-2.022991972954928 -1.9420986039238872 -0.8179221733960496 -0.2721342098760318 -1.3465350077066696 -1.8590183969802967 -0.8028562861983055 -0.43402320561401503 -3.352919344166624 -1.2251673473214764 
-2.022991972954928 -1.9420986039238872 -0.8179221733960496 -0.2721342098760318 -1.3465350077066696 -1.8590183969802967 -0.8028562861983055 -0.43402320561401503 -3.352919344166624 -1.2251673473214764 
-2.022991972954928 -1.9420986039238872 -0.8179221733960496 -0.2721342098760318 -1.3465350077066696 -1.8590183969802967 -0.8028562861983055 -0.43402320561401503 -3.352919344166624 -1.2251673473214764 
-2.022991972954928 -1.9420986039238872 -0.8179221733960496 -0.2721342098760318 -1.3465350077066696 -1.8590183969802967 -0.8028562861983055 -0.43402320561401503 -3.352919344166624 -1.2251673473214764 
-2.022991972954928 -1.9420986039238872 -0.8179221733960496 -0.2721342098760318 -1.3465350077066696 -1.8590183969802967 -0.8028562861983055 -0.43402320561401503 -3.352919344166624 -1.2251673473214764 
-2.022991972954928 -1.9420986039238872 -0.8179221733960496 -0.2721342098760318 -1.3465350077066696 -1.8590183969802967 -0.8028562861983055 -0.43402320561401503 -3.352919344166624 -1.2251673473214764 
-2.022991972954928 -1.9420986039238872 -0.8179221733960496 -0.2721342098760318 -1.3465350077066696 -1.8590183969802967 -0.8028562861983055 -0.7256138475652216 -3.352919344166624 -1.2251673473214764 
-2.022991972954928 -1.9420986039238872 -0.8179221733960496 -0.2721342098760318 -1.3465350077066696 -1.8590183969802967 -0.8028562861983055 -0.7256138475652216 -3.352919344166624 -1.2251673473214764 
-2.022991972954928 -1.9420986039238872 -0.8179221733960496 -0.2721342098760318 -1.3465350077066696 -1.8590183969802967 -0.813950496138222 -0.7256138475652216 -3.352919344166624 -1.2251673473214764 
-2.022991972954928 -1.9420986039238872 -0.8179221733960496 -0.2721342098760318 -1.3465350077066696 -1.8590183969802967 -0.813950496138222 -0.7256138475652216 -3.352919344166624 -1.2251673473214764 
-2.022991972954928 -1.9420986039238872 -0.8179221733960496 -0.2721342098760318 -1.3465350077066696 -1.8590183969802967 -0.813950496138222 -0.7256138475652216 -3.352919344166624 -1.2251673473214764 
-2.022991972954928 -1.9420986039238872 -0.8179221733960496 -0.2721342098760318 -1.3465350077066696 -1.8590183969802967 -0.813950496138222 -0.7256138475652216 -3.352919344166624 -1.2251673473214764 
-2.022991972954928 -1.9420986039238872 -0.8179221733960496 -0.2721342098760318 -1.3465350077066696 -1.8590183969802967 -0.813950496138222 -0.7256138475652216 -3.352919344166624 -1.2251673473214764 
-2.022991972954928 -1.9420986039238872 -0.8179221733960496 -0.2721342098760318 -1.3465350077066696 -1.8590183969802967 -0.813950496138222 -0.7256138475652216 -3.352919344166624 -1.2251673473214764 
-2.022991972954928 -1.9420986039238872 -0.8179221733960496 -0.2721342098760318 -1.3465350077066696 -1.8590183969802967 -0.813950496138222 -0.7256138475652216 -3.352919344166624 -1.2251673473214764 
-2.022991972954928 -1.9420986039238872 -0.8179221733960496 -0.2721342098760318 -1.3465350077066696 -1.8590183969802967 -0.813950496138222 -0.7256138475652216 -3.352919344166624 -1.2251673473214764 
-2.022991972954928 -1.9420986039238872 -0.8179221733960496 -0.2721342098760318 -1.3465350077066696 -1.8590183969802967 -0.813950496138222 -0.7256138475652216 -3.352919344166624 -1.2251673473214764 
-2.022991972954928 -1.9420986039238872 -0.8179221733960496 -0.2721342098760318 -1.3465350077066696 -1.8590183969802967 -0.813950496138222 -0.7256138475652216 -3.352919344166624 -1.2251673473214764 
-2.022991972954928 -1.9420986039238872 -0.8179221733960496 -0.2721342098760318 -1.3465350077066696 -1.8590183969802967 -0.813950496138222 -0.7256138475652216 -3.352919344166624 -1.2251673473214764 
-2.022991972954928 -1.9420986039238872 -0.8179221733960496 -0.2721342098760318 -1.3465350077066696 -1.8590183969802967 -0.813950496138222 -0.7256138475652216 -3.352919344166624 -1.2251673473214764 
-2.022991972954928 -1.9420986039238872 -0.8179221733960496 -0.2721342098760318 -1.3465350077066696 -1.8590183969802967 -0.813950496138222 -0.7256138475652216 -3.352919344166624 -1.2251673473214764 
-2.022991972954928 -1.9420986039238872 -0.8179221733960496 -0.2721342098760318 -1.3465350077066696 -1.8590183969802967 -0.813950496138222 -0.7256138475652216 -3.352919344166624 -1.2251673473214764 
-2.022991972954928 -1.9420986039238872 -0.8179221733960496 -0.2721342098760318 -1.3465350077066696 -1.8590183969802967 -0.813950496138222 -0.7256138475652216 -3.352919344166624 -1.2251673473214764 
-2.022991972954928 -1.9420986039238872 -0.8179221733960496 -0.2721342098760318 -1.3465350077066696 -1.8590183969802967 -0.813950496138222 -0.7256138475652216 -3.352919344166624 -1.2251673473214764 
-2.022991972954928 -1.9420986039238872 -0.8179221733960496 -0.2721342098760318 -1.3465350077066696 -1.8590183969802967 -0.813950496138222 -0.7256138475652216 -3.352919344166624 -1.2251673473214764 
-2.022991972954928 -1.9420986039238872 -0.8179221733960496 -0.2721342098760318 -1.3465350077066696 -1.8590183969802967 -0.813950496138222 -0.9540773948455612 -3.352919344166624 -1.2251673473214764 
-2.022991972954928 -1.9420986039238872 -0.8179221733960496 -0.2721342098760318 -1.3465350077066696 -1.8590183969802967 -0.813950496138222 -0.9540773948455612 -3.352919344166624 -1.2251673473214764 
-2.022991972954928 -1.9420986039238872 -0.8179221733960496 -0.2721342098760318 -1.3465350077066696 -1.8590183969802967 -0.813950496138222 -0.9540773948455612 -3.352919344166624 -1.2251673473214764 
-2.022991972954928 -1.9420986039238872 -0.8179221733960496 -0.2721342098760318 -1.3465350077066696 -1.8590183969802967 -0.813950496138222 -0.9540773948455612 -3.352919344166624 -1.2251673473214764 
-2.022991972954928 -1.9420986039238872 -0.8179221733960496 -0.2721342098760318 -1.3465350077066696 -1.8590183969802967 -0.813950496138222 -0.9540773948455612 -3.352919344166624 -1.2251673473214764 
-2.022991972954928 -1.9420986039238872 -0.8179221733960496 -0.2721342098760318 -1.3465350077066696 -1.8590183969802967 -0.813950496138222 -0.9540773948455612 -3.352919344166624 -1.2251673473214764 
-2.022991972954928 -1.9420986039238872 -0.8179221733960496 -0.2721342098760318 -1.3465350077066696 -1.8590183969802967 -0.813950496138222 -0.9540773948455612 -3.352919344166624 -1.2251673473214764 
-2.022991972954928 -1.9420986039238872 -0.8179221733960496 -0.2721342098760318 -1.3465350077066696 -1.8590183969802967 -0.813950496138222 -0.9540773948455612 -3.352919344166624 -1.2251673473214764 
-2.022991972954928 -1.9420986039238872 -0.8179221733960496 -0.2721342098760318 -1.3465350077066696 -1.8590183969802967 -0.813950496138222 -0.9540773948455612 -3.352919344166624 -1.2251673473214764 
-2.022991972954928 -1.9420986039238872 -0.8179221733960496 -0.2721342098760318 -1.3465350077066696 -1.8590183969802967 -0.813950496138222 -0.9540773948455612 -3.352919344166624 -1.2251673473214764 
-2.022991972954928 -1.9420986039238872 -0.8179221733960496 -0.2721342098760318 -1.3465350077066696 -1.8590183969802967 -0.813950496138222 -0.9540773948455612 -3.352919344166624 -1.2251673473214764 
-2.022991972954928 -1.9420986039238872 -0.8179221733960496 -0.2721342098760318 -1.3465350077066696 -1.8590183969802967 -0.813950496138222 -0.9540773948455612 -3.352919344166624 -1.2251673473214764 
-2.022991972954928 -1.9420986039238872 -0.8179221733960496 -0.2721342098760318 -1.3465350077066696 -1.8590183969802967 -0.813950496138222 -0.9540773948455612 -3.352919344166624 -1.2251673473214764 
-2.022991972954928 -1.9420986039238872 -0.8179221733960496 -0.2721342098760318 -1.3465350077066696 -1.8590183969802967 -0.813950496138222 -0.9540773948455612 -3.352919344166624 -1.2251673473214764 
-2.022991972954928 -1.9420986039238872 -0.8179221733960496 -0.2721342098760318 -1.3465350077066696 -1.8590183969802967 -0.813950496138222 -0.9540773948455612 -3.352919344166624 -1.2251673473214764 
-2.022991972954928 -1.9420986039238872 -0.8179221733960496 -0.2721342098760318 -1.3465350077066696 -1.8590183969802967 -0.813950496138222 -0.9540773948455612 -3.352919344166624 -1.2251673473214764 
-2.022991972954928 -1.9420986039238872 -0.8179221733960496 -0.2721342098760318 -1.3465350077066696 -1.8590183969802967 -0.813950496138222 -0.9540773948455612 -3.352919344166624 -1.2251673473214764 
-2.022991972954928 -1.9420986039238872 -0.8179221733960496 -0.2721342098760318 -1.3465350077066696 -1.8590183969802967 -0.813950496138222 -0.9540773948455612 -3.352919344166624 -1.2251673473214764 
-2.022991972954928 -1.9420986039238872 -0.8179221733960496 -0.2721342098760318 -1.3465350077066696 -1.8590183969802967 -0.813950496138222 -0.9540773948455612 -3.352919344166624 -1.2251673473214764 
-2.022991972954928 -1.9420986039238872 -0.8179221733960496 -0.2721342098760318 -1.3465350077066696 -1.8590183969802967 -0.813950496138222 -0.9540773948455612 -3.352919344166624 -1.2251673473214764 
-2.022991972954928 -1.9420986039238872 -0.8179221733960496 -0.2721342098760318 -1.3465350077066696 -1.8590183969802967 -0.813950496138222 -0.9540773948455612 -3.352919344166624 -1.2251673473214764 
-2.022991972954928 -1.9420986039238872 -0.8179221733960496 -0.2721342098760318 -1.3465350077066696 -1.8590183969802967 -0.813950496138222 -0.9540773948455612 -3.352919344166624 -1.2251673473214764 
-2.022991972954928 -1.9420986039238872 -0.8179221733960496 -0.2721342098760318 -1.3465350077066696 -1.8590183969802967 -0.813950496138222 -0.9540773948455612 -3.352919344166624 -1.2251673473214764 
-2.022991972954928 -1.9420986039238872 -0.8179221733960496 -0.2721342098760318 -1.3465350077066696 -1.8590183969802967 -0.813950496138222 -0.9540773948455612 -3.352919344166624 -1.2251673473214764 
-2.022991972954928 -1.9420986039238872 -0.8179221733960496 -0.2721342098760318 -1.3465350077066696 -1.8590183969802967 -0.813950496138222 -0.9540773948455612 -3.352919344166624 -1.2251673473214764 
-2.022991972954928 -1.9420986039238872 -0.8179221733960496 -0.2721342098760318 -1.3465350077066696 -1.8590183969802967 -0.813950496138222 -0.9540773948455612 -3.352919344166624 -1.2251673473214764 
-2.022991972954928 -1.9420986039238872 -0.8179221733960496 -0.2721342098760318 -1.3465350077066696 -1.8590183969802967 -0.813950496138222 -0.9540773948455612 -3.352919344166624 -1.2251673473214764 
-2.022991972954928 -1.9420986039238872 -0.8179221733960496 -0.2721342098760318 -1.3465350077066696 -1.8590183969802967 -0.813950496138222 -0.9540773948455612 -3.352919344166624 -1.2251673473214764 
-2.022991972954928 -1.9420986039238872 -0.8179221733960496 -0.2721342098760318 -1.3465350077066696 -1.8590183969802967 -0.813950496138222 -0.9540773948455612 -3.352919344166624 -1.2251673473214764 
-2.022991972954928 -1.9420986039238872 -0.8179221733960496 -0.2721342098760318 -1.3465350077066696 -1.8590183969802967 -0.813950496138222 -0.9540773948455612 -3.352919344166624 -1.2251673473214764 
-2.022991972954928 -1.9420986039238872 -0.8179221733960496 -0.2721342098760318 -1.3465350077066696 -1.8590183969802967 -0.813950496138222 -0.9540773948455612 -3.352919344166624 -1.2251673473214764 
-2.022991972954928 -1.9420986039238872 -0.8179221733960496 -0.2721342098760318 -1.3465350077066696 -1.8590183969802967 -0.813950496138222 -0.9540773948455612 -3.352919344166624 -1.2251673473214764 
-2.022991972954928 -1.9420986039238872 -0.8179221733960496 -0.2721342098760318 -1.3465350077066696 -1.8590183969802967 -0.813950496138222 -0.9540773948455612 -3.352919344166624 -1.2251673473214764 
-2.022991972954928 -1.9420986039238872 -0.8179221733960496 -0.2721342098760318 -1.3465350077066696 -1.8590183969802967 -0.813950496138222 -0.9540773948455612 -3.352919344166624 -1.2251673473214764 
-2.022991972954928 -1.9420986039238872 -2.1183857889166484 -0.2721342098760318 -1.3465350077066696 -1.8590183969802967 -0.813950496138222 -0.9540773948455612 -3.352919344166624 -1.2251673473214764 
-2.022991972954928 -1.9420986039238872 -2.1183857889166484 -0.2721342098760318 -1.3465350077066696 -1.8590183969802967 -0.813950496138222 -0.9540773948455612 -3.352919344166624 -1.2251673473214764 
-2.022991972954928 -1.9420986039238872 -2.1183857889166484 -0.2721342098760318 -1.3465350077066696 -1.8590183969802967 -0.813950496138222 -0.9540773948455612 -3.352919344166624 -1.2251673473214764 
-2.022991972954928 -1.9420986039238872 -2.1183857889166484 -0.2721342098760318 -1.3465350077066696 -1.8590183969802967 -0.813950496138222 -0.9540773948455612 -3.352919344166624 -1.2251673473214764 
-2.022991972954928 -1.9420986039238872 -2.1183857889166484 -0.2721342098760318 -1.3465350077066696 -1.8590183969802967 -0.813950496138222 -0.9540773948455612 -3.352919344166624 -1.2251673473214764 
-2.022991972954928 -1.9420986039238872 -2.1183857889166484 -0.2721342098760318 -1.3465350077066696 -1.8590183969802967 -0.813950496138222 -0.9540773948455612 -3.352919344166624 -1.2251673473214764 
-2.022991972954928 -1.9420986039238872 -2.1183857889166484 -0.2721342098760318 -1.3465350077066696 -1.8590183969802967 -0.813950496138222 -0.9540773948455612 -3.352919344166624 -1.2251673473214764 
-2.022991972954928 -1.9420986039238872 -2.1183857889166484 -0.2721342098760318 -1.3465350077066696 -1.8590183969802967 -0.813950496138222 -0.9540773948455612 -3.352919344166624 -1.2251673473214764 
-2.022991972954928 -1.9420986039238872 -2.1183857889166484 -0.2721342098760318 -1.3465350077066696 -1.8590183969802967 -0.813950496138222 -0.9540773948455612 -3.352919344166624 -1.2251673473214764 
-2.022991972954928 -1.9420986039238872 -2.1183857889166484 -0.2721342098760318 -1.3465350077066696 -1.8590183969802967 -0.813950496138222 -0.9540773948455612 -3.352919344166624 -1.2251673473214764 
-2.022991972954928 -1.9420986039238872 -2.1183857889166484 -0.2721342098760318 -1.3465350077066696 -1.8590183969802967 -0.813950496138222 -0.9540773948455612 -3.352919344166624 -1.2251673473214764 
-2.022991972954928 -1.9420986039238872 -2.1183857889166484 -0.2721342098760318 -1.3465350077066696 -1.8590183969802967 -0.813950496138222 -0.9540773948455612 -3.352919344166624 -1.2251673473214764 
-2.022991972954928 -1.9420986039238872 -2.1183857889166484 -0.2721342098760318 -1.3465350077066696 -1.8590183969802967 -0.813950496138222 -0.9540773948455612 -3.352919344166624 -1.2251673473214764 
-2.022991972954928 -1.9420986039238872 -2.1183857889166484 -0.2721342098760318 -1.3465350077066696 -1.8590183969802967 -0.813950496138222 -0.9540773948455612 -3.352919344166624 -1.2251673473214764 
-2.022991972954928 -1.9420986039238872 -2.1183857889166484 -0.2721342098760318 -1.3465350077066696 -1.8590183969802967 -0.813950496138222 -0.9540773948455612 -3.352919344166624 -1.2251673473214764 
-2.022991972954928 -1.9420986039238872 -2.1183857889166484 -0.2721342098760318 -1.3465350077066696 -1.8590183969802967 -0.813950496138222 -0.9540773948455612 -3.352919344166624 -1.2251673473214764 
-2.022991972954928 -1.9420986039238872 -2.1183857889166484 -0.2721342098760318 -1.3465350077066696 -1.8590183969802967 -0.813950496138222 -0.9540773948455612 -3.352919344166624 -1.2251673473214764 
-2.022991972954928 -1.9420986039238872 -2.1183857889166484 -0.2721342098760318 -1.3465350077066696 -1.8590183969802967 -0.813950496138222 -0.9540773948455612 -3.352919344166624 -1.2251673473214764 
-2.022991972954928 -1.9420986039238872 -2.1183857889166484 -0.2721342098760318 -1.3465350077066696 -1.8590183969802967 -0.813950496138222 -0.9540773948455612 -3.352919344166624 -1.2251673473214764 
-2.022991972954928 -1.9420986039238872 -2.1183857889166484 -0.2721342098760318 -1.3465350077066696 -1.8590183969802967 -0.813950496138222 -0.9540773948455612 -3.352919344166624 -1.2251673473214764 
-2.022991972954928 -1.9420986039238872 -2.1183857889166484 -0.2721342098760318 -1.3465350077066696 -1.8590183969802967 -0.813950496138222 -0.9540773948455612 -3.352919344166624 -1.2251673473214764 
-2.022991972954928 -1.9420986039238872 -2.1183857889166484 -0.2721342098760318 -1.3465350077066696 -1.8590183969802967 -0.813950496138222 -0.9540773948455612 -3.352919344166624 -1.2251673473214764 
-2.022991972954928 -1.9420986039238872 -2.1183857889166484 -0.2721342098760318 -1.3465350077066696 -1.8590183969802967 -0.813950496138222 -0.9540773948455612 -3.352919344166624 -1.2251673473214764 
-2.022991972954928 -1.9420986039238872 -2.1183857889166484 -0.2721342098760318 -1.3465350077066696 -1.8590183969802967 -0.813950496138222 -0.9540773948455612 -3.352919344166624 -1.2251673473214764 
-2.022991972954928 -1.9420986039238872 -2.1183857889166484 -0.2721342098760318 -1.3465350077066696 -1.8590183969802967 -0.813950496138222 -0.9540773948455612 -3.352919344166624 -1.2251673473214764 
-2.022991972954928 -1.9420986039238872 -2.1183857889166484 -0.2721342098760318 -1.3465350077066696 -1.8590183969802967 -0.813950496138222 -0.9540773948455612 -3.352919344166624 -1.2251673473214764 
-2.022991972954928 -1.9420986039238872 -2.1183857889166484 -0.2721342098760318 -1.3465350077066696 -1.8590183969802967 -0.813950496138222 -0.9540773948455612 -3.352919344166624 -1.2251673473214764 
-2.022991972954928 -1.9420986039238872 -2.1183857889166484 -0.2721342098760318 -1.3465350077066696 -1.8590183969802967 -0.813950496138222 -0.9540773948455612 -3.352919344166624 -1.2251673473214764 
-2.022991972954928 -1.9420986039238872 -2.1183857889166484 -0.2721342098760318 -1.3465350077066696 -1.8590183969802967 -0.813950496138222 -0.9540773948455612 -3.352919344166624 -1.2251673473214764 
-2.022991972954928 -1.9420986039238872 -2.1183857889166484 -0.2721342098760318 -1.3465350077066696 -1.8590183969802967 -0.813950496138222 -0.9540773948455612 -3.352919344166624 -1.2251673473214764 
-2.022991972954928 -1.9420986039238872 -2.1183857889166484 -0.2721342098760318 -1.3465350077066696 -1.8590183969802967 -0.813950496138222 -0.9540773948455612 -3.352919344166624 -1.2251673473214764 
-2.022991972954928 -1.9420986039238872 -2.1183857889166484 -0.2721342098760318 -1.3465350077066696 -1.8590183969802967 -0.813950496138222 -0.9540773948455612 -3.352919344166624 -1.2251673473214764 
-2.022991972954928 -1.9420986039238872 -2.1183857889166484 -0.2721342098760318 -1.3465350077066696 -1.8590183969802967 -0.813950496138222 -0.9540773948455612 -3.352919344166624 -1.2251673473214764 
-2.022991972954928 -1.9420986039238872 -2.1183857889166484 -0.2721342098760318 -1.3465350077066696 -1.8590183969802967 -0.813950496138222 -0.9540773948455612 -3.352919344166624 -1.2251673473214764 
-2.022991972954928 -1.9420986039238872 -2.1183857889166484 -0.2721342098760318 -1.3465350077066696 -1.8590183969802967 -0.813950496138222 -0.9540773948455612 -3.352919344166624 -1.2251673473214764 
-2.022991972954928 -1.9420986039238872 -2.1183857889166484 -0.2721342098760318 -1.3465350077066696 -1.8590183969802967 -0.813950496138222 -0.9540773948455612 -3.352919344166624 -1.2251673473214764 
-2.022991972954928 -1.9420986039238872 -2.1183857889166484 -0.2721342098760318 -1.3465350077066696 -1.8590183969802967 -0.813950496138222 -0.9540773948455612 -3.352919344166624 -1.2251673473214764 
-2.022991972954928 -1.9420986039238872 -2.1183857889166484 -0.2721342098760318 -1.3465350077066696 -1.8590183969802967 -0.813950496138222 -0.9540773948455612 -3.352919344166624 -1.2251673473214764 
-2.022991972954928 -1.9420986039238872 -2.1183857889166484 -0.2721342098760318 -1.3465350077066696 -1.8590183969802967 -0.813950496138222 -0.9540773948455612 -3.352919344166624 -1.2251673473214764 
-2.022991972954928 -1.9420986039238872 -2.1183857889166484 -0.2721342098760318 -1.3465350077066696 -1.8590183969802967 -0.813950496138222 -0.9540773948455612 -3.352919344166624 -1.2251673473214764 
-2.022991972954928 -1.9420986039238872 -2.1183857889166484 -0.2721342098760318 -1.3465350077066696 -1.8590183969802967 -0.813950496138222 -0.9540773948455612 -3.352919344166624 -1.2251673473214764 
-2.022991972954928 -1.9420986039238872 -2.1183857889166484 -0.2721342098760318 -1.3465350077066696 -1.8590183969802967 -0.813950496138222 -0.9540773948455612 -3.352919344166624 -1.2251673473214764 
-2.022991972954928 -1.9420986039238872 -2.1183857889166484 -0.2721342098760318 -1.3465350077066696 -1.8590183969802967 -0.813950496138222 -0.9540773948455612 -3.352919344166624 -1.2251673473214764 
-2.022991972954928 -1.9420986039238872 -2.1183857889166484 -0.2721342098760318 -1.3465350077066696 -1.8590183969802967 -0.813950496138222 -0.9540773948455612 -3.352919344166624 -1.2251673473214764 
-2.022991972954928 -1.9420986039238872 -2.1183857889166484 -0.2721342098760318 -1.3465350077066696 -1.8590183969802967 -0.813950496138222 -0.9540773948455612 -3.352919344166624 -1.2251673473214764 
-2.022991972954928 -1.9420986039238872 -2.1183857889166484 -0.6601727657617307 -1.3465350077066696 -1.8590183969802967 -0.813950496138222 -0.9540773948455612 -3.352919344166624 -1.2251673473214764 
-2.022991972954928 -1.9420986039238872 -2.1183857889166484 -0.6601727657617307 -1.3465350077066696 -1.8590183969802967 -0.813950496138222 -0.9540773948455612 -3.352919344166624 -1.2251673473214764 
-2.022991972954928 -1.9420986039238872 -2.1183857889166484 -0.6601727657617307 -1.3465350077066696 -1.8590183969802967 -0.813950496138222 -0.9540773948455612 -3.352919344166624 -1.2251673473214764 
-2.022991972954928 -1.9420986039238872 -2.1183857889166484 -0.6601727657617307 -1.3465350077066696 -1.8590183969802967 -0.813950496138222 -0.9540773948455612 -3.352919344166624 -1.2251673473214764 
-2.022991972954928 -1.9420986039238872 -2.1183857889166484 -0.6601727657617307 -1.3465350077066696 -1.8590183969802967 -0.813950496138222 -0.9540773948455612 -3.352919344166624 -1.2251673473214764 
-2.022991972954928 -1.9420986039238872 -2.1183857889166484 -0.6601727657617307 -1.3465350077066696 -1.8590183969802967 -0.813950496138222 -0.9540773948455612 -3.352919344166624 -1.2251673473214764 
-2.022991972954928 -1.9420986039238872 -2.1183857889166484 -0.6601727657617307 -1.3465350077066696 -1.8590183969802967 -0.813950496138222 -0.9540773948455612 -3.352919344166624 -1.2251673473214764 
-2.022991972954928 -1.9420986039238872 -2.1183857889166484 -0.6601727657617307 -1.3465350077066696 -1.8590183969802967 -0.813950496138222 -0.9540773948455612 -3.352919344166624 -1.2251673473214764 
-2.022991972954928 -1.9420986039238872 -2.1183857889166484 -0.6601727657617307 -1.3465350077066696 -1.8590183969802967 -0.813950496138222 -0.9540773948455612 -3.352919344166624 -1.2251673473214764 
-2.022991972954928 -1.9420986039238872 -2.1183857889166484 -0.6601727657617307 -1.3465350077066696 -1.8590183969802967 -0.813950496138222 -0.9540773948455612 -3.352919344166624 -1.2251673473214764 
-2.022991972954928 -1.9420986039238872 -2.1183857889166484 -0.6601727657617307 -1.3465350077066696 -1.8590183969802967 -0.813950496138222 -0.9540773948455612 -3.352919344166624 -1.2251673473214764 
-2.022991972954928 -1.9420986039238872 -2.1183857889166484 -0.6601727657617307 -1.3465350077066696 -1.8590183969802967 -0.813950496138222 -0.9540773948455612 -3.352919344166624 -1.2251673473214764 
-2.022991972954928 -1.9420986039238872 -2.1183857889166484 -0.6601727657617307 -1.3465350077066696 -1.8590183969802967 -0.813950496138222 -0.9540773948455612 -3.352919344166624 -1.2251673473214764 
-2.022991972954928 -1.9420986039238872 -2.1183857889166484 -0.6601727657617307 -1.3465350077066696 -1.8590183969802967 -0.813950496138222 -0.9540773948455612 -3.352919344166624 -1.2251673473214764 
-2.022991972954928 -1.9420986039238872 -2.1183857889166484 -0.6601727657617307 -1.3465350077066696 -1.8590183969802967 -0.813950496138222 -0.9540773948455612 -3.352919344166624 -1.2251673473214764 
-2.022991972954928 -1.9420986039238872 -2.1183857889166484 -0.6601727657617307 -1.3465350077066696 -1.8590183969802967 -0.813950496138222 -0.9540773948455612 -3.352919344166624 -1.2251673473214764 
-2.022991972954928 -1.9420986039238872 -2.1183857889166484 -0.6601727657617307 -1.3465350077066696 -1.8590183969802967 -0.813950496138222 -0.9540773948455612 -3.352919344166624 -1.2251673473214764 
-2.022991972954928 -1.9420986039238872 -2.1183857889166484 -0.6601727657617307 -1.3465350077066696 -1.8590183969802967 -0.813950496138222 -0.9540773948455612 -3.352919344166624 -1.2251673473214764 
-2.022991972954928 -1.9420986039238872 -2.1183857889166484 -0.6601727657617307 -1.3465350077066696 -1.8590183969802967 -0.813950496138222 -0.9540773948455612 -3.352919344166624 -1.2251673473214764 
-2.022991972954928 -1.9420986039238872 -2.1183857889166484 -0.6601727657617307 -1.3465350077066696 -1.8590183969802967 -0.813950496138222 -0.9540773948455612 -3.352919344166624 -1.2251673473214764 
-2.022991972954928 -1.9420986039238872 -2.1183857889166484 -0.6601727657617307 -1.3465350077066696 -1.8590183969802967 -0.813950496138222 -0.9540773948455612 -3.352919344166624 -1.2251673473214764 
-2.022991972954928 -1.9420986039238872 -2.1183857889166484 -0.6601727657617307 -1.3465350077066696 -1.8590183969802967 -0.813950496138222 -0.9540773948455612 -3.352919344166624 -1.2251673473214764 
-2.022991972954928 -1.9420986039238872 -2.1183857889166484 -0.6601727657617307 -1.3465350077066696 -1.8590183969802967 -0.813950496138222 -0.9540773948455612 -3.352919344166624 -1.2251673473214764 
-2.022991972954928 -1.9420986039238872 -2.1183857889166484 -0.6601727657617307 -1.3465350077066696 -1.8590183969802967 -0.813950496138222 -0.9540773948455612 -3.352919344166624 -1.2251673473214764 
-2.022991972954928 -1.9420986039238872 -2.1183857889166484 -0.6601727657617307 -1.3465350077066696 -1.8590183969802967 -0.813950496138222 -0.9540773948455612 -3.352919344166624 -1.2251673473214764 
-2.022991972954928 -1.9420986039238872 -2.1183857889166484 -0.6601727657617307 -1.3465350077066696 -1.8590183969802967 -0.813950496138222 -0.9540773948455612 -3.352919344166624 -1.2251673473214764 
-2.022991972954928 -1.9420986039238872 -2.1183857889166484 -0.6601727657617307 -1.3465350077066696 -1.8590183969802967 -0.813950496138222 -0.9540773948455612 -3.352919344166624 -1.2251673473214764 
-2.022991972954928 -1.9420986039238872 -2.1183857889166484 -0.6601727657617307 -1.3465350077066696 -1.8590183969802967 -0.813950496138222 -0.9540773948455612 -3.352919344166624 -1.2251673473214764 
-2.022991972954928 -1.9420986039238872 -2.1183857889166484 -0.6601727657617307 -1.3465350077066696 -1.8590183969802967 -0.813950496138222 -0.9540773948455612 -3.352919344166624 -1.2251673473214764 
-2.022991972954928 -1.9420986039238872 -2.1183857889166484 -0.6601727657617307 -1.3465350077066696 -1.8590183969802967 -0.813950496138222 -0.9540773948455612 -3.352919344166624 -1.2251673473214764 
-2.022991972954928 -1.9420986039238872 -2.1183857889166484 -0.6601727657617307 -1.3465350077066696 -1.8590183969802967 -0.813950496138222 -0.9540773948455612 -3.352919344166624 -1.2251673473214764 
-2.022991972954928 -1.9420986039238872 -2.1183857889166484 -0.6601727657617307 -1.3465350077066696 -1.8590183969802967 -0.813950496138222 -0.9540773948455612 -3.352919344166624 -1.2251673473214764 
-2.022991972954928 -1.9420986039238872 -2.1183857889166484 -0.6601727657617307 -1.3465350077066696 -1.8590183969802967 -0.813950496138222 -0.9540773948455612 -3.352919344166624 -1.2251673473214764 
-2.022991972954928 -1.9420986039238872 -2.1183857889166484 -0.6601727657617307 -1.3465350077066696 -1.8590183969802967 -0.8689671649625064 -0.9540773948455612 -3.352919344166624 -1.2251673473214764 
-2.022991972954928 -1.9420986039238872 -2.1183857889166484 -0.6601727657617307 -1.3465350077066696 -1.8590183969802967 -0.8689671649625064 -0.9540773948455612 -3.352919344166624 -1.2251673473214764 
-2.022991972954928 -1.9420986039238872 -2.1183857889166484 -0.6601727657617307 -1.3465350077066696 -1.8590183969802967 -0.8689671649625064 -0.9540773948455612 -3.352919344166624 -1.2251673473214764 
-2.022991972954928 -1.9420986039238872 -2.1183857889166484 -0.6601727657617307 -1.3465350077066696 -1.8590183969802967 -0.8689671649625064 -0.9540773948455612 -3.352919344166624 -1.2251673473214764 
-2.022991972954928 -1.9420986039238872 -2.1183857889166484 -0.6601727657617307 -1.3465350077066696 -1.8590183969802967 -0.8689671649625064 -0.9540773948455612 -3.352919344166624 -1.2251673473214764 
-2.022991972954928 -1.9420986039238872 -2.1183857889166484 -0.6601727657617307 -1.3465350077066696 -1.8590183969802967 -0.8689671649625064 -0.9540773948455612 -3.352919344166624 -1.2251673473214764 
-2.022991972954928 -1.9420986039238872 -2.1183857889166484 -0.6601727657617307 -1.3465350077066696 -1.8590183969802967 -0.8689671649625064 -0.9540773948455612 -3.352919344166624 -1.2251673473214764 
-2.022991972954928 -1.9420986039238872 -2.1183857889166484 -0.6601727657617307 -1.3465350077066696 -1.8590183969802967 -0.8689671649625064 -0.9540773948455612 -3.352919344166624 -1.2251673473214764 
-2.022991972954928 -1.9420986039238872 -2.1183857889166484 -0.6601727657617307 -1.3465350077066696 -1.8590183969802967 -0.8689671649625064 -0.9540773948455612 -3.352919344166624 -1.2251673473214764 
-2.022991972954928 -1.9420986039238872 -2.1183857889166484 -0.6601727657617307 -1.3465350077066696 -1.8590183969802967 -0.8689671649625064 -0.9540773948455612 -3.352919344166624 -1.2251673473214764 
-2.022991972954928 -1.9420986039238872 -2.1183857889166484 -0.6601727657617307 -1.3465350077066696 -1.8590183969802967 -0.8689671649625064 -0.9540773948455612 -3.352919344166624 -1.2251673473214764 
-2.022991972954928 -1.9420986039238872 -2.1183857889166484 -0.6601727657617307 -1.3465350077066696 -1.8590183969802967 -0.8689671649625064 -0.9540773948455612 -3.352919344166624 -1.2251673473214764 
-2.022991972954928 -1.9420986039238872 -2.1183857889166484 -0.6601727657617307 -1.3465350077066696 -1.8590183969802967 -0.8689671649625064 -0.9540773948455612 -3.352919344166624 -1.2251673473214764 
-2.022991972954928 -1.9420986039238872 -2.1183857889166484 -0.6601727657617307 -1.3465350077066696 -1.8590183969802967 -0.8689671649625064 -0.9540773948455612 -3.352919344166624 -1.2251673473214764 
-2.022991972954928 -1.9420986039238872 -2.1183857889166484 -0.6601727657617307 -1.3465350077066696 -1.8590183969802967 -0.8689671649625064 -0.9540773948455612 -3.352919344166624 -1.2251673473214764 
-2.022991972954928 -1.9420986039238872 -2.1183857889166484 -0.6601727657617307 -1.3465350077066696 -1.8590183969802967 -0.8689671649625064 -0.9540773948455612 -3.352919344166624 -1.2251673473214764 
-2.022991972954928 -1.9420986039238872 -2.1183857889166484 -0.6601727657617307 -1.3465350077066696 -1.8590183969802967 -0.8689671649625064 -0.9540773948455612 -3.352919344166624 -1.2251673473214764 
-2.022991972954928 -1.9420986039238872 -2.1183857889166484 -0.6601727657617307 -1.3465350077066696 -1.8590183969802967 -0.8689671649625064 -0.9540773948455612 -3.352919344166624 -1.2251673473214764 
-2.022991972954928 -1.9420986039238872 -2.1183857889166484 -0.6601727657617307 -1.3465350077066696 -1.8590183969802967 -0.8689671649625064 -0.9540773948455612 -3.352919344166624 -1.2251673473214764 
-2.022991972954928 -1.9420986039238872 -2.1183857889166484 -0.6601727657617307 -1.3465350077066696 -1.8590183969802967 -0.8689671649625064 -0.9540773948455612 -3.352919344166624 -1.596620828437731 
-2.022991972954928 -1.9420986039238872 -2.1183857889166484 -0.6601727657617307 -1.3465350077066696 -1.8590183969802967 -0.8689671649625064 -0.9540773948455612 -3.352919344166624 -1.596620828437731 
-2.022991972954928 -1.9420986039238872 -2.1183857889166484 -0.6601727657617307 -1.3465350077066696 -1.8590183969802967 -0.8689671649625064 -0.9540773948455612 -3.352919344166624 -1.596620828437731 
-2.022991972954928 -1.9420986039238872 -2.1183857889166484 -0.6601727657617307 -1.3465350077066696 -1.8590183969802967 -0.8689671649625064 -0.9540773948455612 -3.352919344166624 -1.596620828437731 
-2.022991972954928 -1.9420986039238872 -2.1183857889166484 -0.6601727657617307 -1.3465350077066696 -1.8590183969802967 -0.8689671649625064 -0.9540773948455612 -3.352919344166624 -1.596620828437731 
