1.4492023359856971 -0.5341429240711533 0.5409965092348347 1.3669300716280333 -0.13555833112332816 0.5950510747574476 1.282000216865876 1.013514777398393 0.18241731117996995 0.910227414462021 
1.4490125101967712 -0.5341429240711533 0.4955508196142072 0.8604585351334114 -0.13555833112332816 0.5705542840512994 0.701604340752898 0.6410825212726577 0.18241731117996995 0.4805540178572706 
1.326225053592187 -0.5341429240711533 0.4955508196142072 0.8604585351334114 -0.13555833112332816 0.4224083782970849 0.406943193914018 0.6410825212726577 -0.004337113494190525 0.4805540178572706 
0.9778488928876439 -0.5341429240711533 0.4955508196142072 0.8604585351334114 -0.13555833112332816 0.4224083782970849 -1.6020846950158227 0.6410825212726577 -0.4117207773908402 0.4805540178572706 
0.8958085680764619 -0.5341429240711533 0.31921325554897473 0.7587912437746042 -0.13555833112332816 0.4224083782970849 -1.6020846950158227 -0.1929070894525452 -0.4117207773908402 0.4805540178572706 
0.8958085680764619 -0.5341429240711533 0.31921325554897473 0.7587912437746042 -0.13555833112332816 0.4224083782970849 -1.6020846950158227 -0.1929070894525452 -0.4117207773908402 0.35816536914647557 
0.8958085680764619 -0.5341429240711533 -0.10078709458522646 0.7587912437746042 -0.2101433707670467 0.4224083782970849 -1.6020846950158227 -0.1929070894525452 -0.7731029197532774 0.35816536914647557 
0.8958085680764619 -0.5341429240711533 -0.10078709458522646 0.5082256125775193 -0.2101433707670467 0.4224083782970849 -1.6020846950158227 -0.1929070894525452 -0.7731029197532774 0.35816536914647557 
0.8123500556246357 -0.5341429240711533 -0.10078709458522646 0.5082256125775193 -0.2101433707670467 0.4224083782970849 -1.6020846950158227 -0.1929070894525452 -0.7731029197532774 0.35816536914647557 
0.2785073764375885 -0.5341429240711533 -0.10078709458522646 0.5082256125775193 -0.2101433707670467 0.4224083782970849 -1.6020846950158227 -0.1929070894525452 -0.7731029197532774 0.35816536914647557 
0.2785073764375885 -0.5341429240711533 -0.10078709458522646 0.11464777036326568 -0.2101433707670467 0.4224083782970849 -1.6020846950158227 -0.1929070894525452 -0.7731029197532774 0.35816536914647557 
0.2785073764375885 -0.5341429240711533 -0.10078709458522646 0.11464777036326568 -0.2101433707670467 0.4224083782970849 -1.6020846950158227 -0.1929070894525452 -0.7731029197532774 0.35816536914647557 
0.2785073764375885 -0.5341429240711533 -0.10078709458522646 0.11464777036326568 -0.2101433707670467 0.4224083782970849 -1.6020846950158227 -0.1929070894525452 -0.7731029197532774 0.35816536914647557 
0.2785073764375885 -0.5341429240711533 -0.49747417870874044 0.11464777036326568 -0.2101433707670467 0.4224083782970849 -1.6020846950158227 -0.1929070894525452 -0.7731029197532774 0.35816536914647557 
-0.3678224298806201 -0.5341429240711533 -1.1759267462752665 0.11464777036326568 -0.2101433707670467 0.4224083782970849 -1.6020846950158227 -0.1929070894525452 -0.7731029197532774 0.35816536914647557 
-0.3678224298806201 -0.5341429240711533 -1.1759267462752665 0.11464777036326568 -0.2101433707670467 0.4224083782970849 -1.6020846950158227 -0.1929070894525452 -0.7731029197532774 0.35816536914647557 
-0.3678224298806201 -0.5341429240711533 -1.1759267462752665 0.11464777036326568 -1.2259873624117525 0.4224083782970849 -1.6020846950158227 -0.1929070894525452 -0.7731029197532774 0.34337258276563665 
-0.3678224298806201 -0.5341429240711533 -1.1759267462752665 0.11464777036326568 -1.2259873624117525 0.4224083782970849 -1.6020846950158227 -0.1929070894525452 -0.7731029197532774 0.34337258276563665 
-0.3678224298806201 -0.5341429240711533 -1.1759267462752665 0.11464777036326568 -1.2259873624117525 0.4224083782970849 -1.6020846950158227 -0.1929070894525452 -0.7731029197532774 0.34337258276563665 
-0.3678224298806201 -0.5341429240711533 -1.1759267462752665 0.11464777036326568 -1.2259873624117525 0.4224083782970849 -1.6020846950158227 -0.6689427156014666 -0.7731029197532774 0.34337258276563665 
-0.3678224298806201 -0.5341429240711533 -1.1759267462752665 0.11464777036326568 -2.2530247920351756 0.3376856803179132 -1.6020846950158227 -0.6689427156014666 -0.7731029197532774 0.34337258276563665 
-0.3678224298806201 -0.5341429240711533 -1.1759267462752665 0.11464777036326568 -2.2530247920351756 0.3376856803179132 -1.6020846950158227 -0.6689427156014666 -0.7731029197532774 0.34337258276563665 
-0.3678224298806201 -0.5341429240711533 -1.1759267462752665 0.11464777036326568 -2.2530247920351756 0.3376856803179132 -1.6020846950158227 -0.6689427156014666 -0.7731029197532774 0.34337258276563665 
-0.3678224298806201 -0.5341429240711533 -1.1759267462752665 -0.11993159784479446 -2.2530247920351756 0.3376856803179132 -1.6020846950158227 -0.6689427156014666 -0.7731029197532774 0.34337258276563665 
-0.3678224298806201 -1.3751452079146942 -1.1759267462752665 -0.11993159784479446 -2.2530247920351756 0.3376856803179132 -1.6020846950158227 -0.6689427156014666 -0.7731029197532774 0.34337258276563665 
-0.3678224298806201 -1.3751452079146942 -1.1759267462752665 -0.11993159784479446 -2.2530247920351756 0.3376856803179132 -1.6020846950158227 -0.6689427156014666 -0.7731029197532774 0.34337258276563665 
-0.3678224298806201 -1.3751452079146942 -1.1759267462752665 -0.11993159784479446 -2.2530247920351756 0.3376856803179132 -1.6020846950158227 -0.6689427156014666 -0.7731029197532774 0.34337258276563665 
-0.3678224298806201 -1.3751452079146942 -1.1759267462752665 -0.11993159784479446 -2.2530247920351756 0.3376856803179132 -1.6020846950158227 -0.6689427156014666 -0.7731029197532774 0.34337258276563665 
-0.3678224298806201 -1.3751452079146942 -1.1759267462752665 -0.11993159784479446 -2.2530247920351756 0.3376856803179132 -1.6020846950158227 -0.6689427156014666 -0.7731029197532774 0.34337258276563665 
-0.3678224298806201 -1.3751452079146942 -1.1759267462752665 -0.11993159784479446 -2.2530247920351756 0.3376856803179132 -1.6020846950158227 -0.6689427156014666 -0.7731029197532774 0.34337258276563665 
-0.3678224298806201 -1.3751452079146942 -1.1759267462752665 -0.11993159784479446 -2.2530247920351756 0.3376856803179132 -1.6088407713569857 -0.6689427156014666 -0.7731029197532774 0.34337258276563665 
-0.3678224298806201 -1.3751452079146942 -1.1759267462752665 -0.11993159784479446 -2.2530247920351756 0.3376856803179132 -1.6088407713569857 -0.6689427156014666 -0.7731029197532774 0.34337258276563665 
-0.3678224298806201 -1.3751452079146942 -1.256630426848813 -0.11993159784479446 -2.2530247920351756 0.3376856803179132 -1.6088407713569857 -0.6689427156014666 -0.7731029197532774 0.34337258276563665 
-0.3678224298806201 -1.3751452079146942 -1.256630426848813 -0.12401325524365814 -2.2530247920351756 0.3376856803179132 -1.6088407713569857 -0.6689427156014666 -0.7731029197532774 0.34337258276563665 
-0.3678224298806201 -1.3751452079146942 -1.256630426848813 -0.12401325524365814 -2.2530247920351756 0.3376856803179132 -1.6088407713569857 -0.6689427156014666 -0.7731029197532774 0.34337258276563665 
-0.3678224298806201 -1.3751452079146942 -1.256630426848813 -0.12401325524365814 -2.2530247920351756 0.3376856803179132 -1.6088407713569857 -0.6689427156014666 -0.7856290198850876 0.34337258276563665 
-0.3678224298806201 -1.3751452079146942 -1.256630426848813 -0.12401325524365814 -2.2530247920351756 0.3376856803179132 -1.6088407713569857 -0.6689427156014666 -0.7856290198850876 0.34337258276563665 
-0.3678224298806201 -1.3751452079146942 -1.256630426848813 -0.12401325524365814 -2.2530247920351756 0.3376856803179132 -1.6088407713569857 -0.6689427156014666 -0.7856290198850876 0.34337258276563665 
-0.3678224298806201 -1.3751452079146942 -1.256630426848813 -0.12401325524365814 -2.2530247920351756 0.3376856803179132 -1.6088407713569857 -0.6689427156014666 -0.7856290198850876 0.34337258276563665 
-0.3678224298806201 -1.3751452079146942 -1.256630426848813 -0.12401325524365814 -2.2530247920351756 0.3376856803179132 -1.6088407713569857 -0.6689427156014666 -0.7856290198850876 0.34337258276563665 
-0.3678224298806201 -1.3751452079146942 -1.256630426848813 -0.12401325524365814 -2.2530247920351756 -0.5727701268146115 -1.6088407713569857 -0.6689427156014666 -0.7856290198850876 0.34337258276563665 
-0.3678224298806201 -1.3751452079146942 -1.256630426848813 -0.12401325524365814 -2.2530247920351756 -0.5727701268146115 -1.6088407713569857 -0.6689427156014666 -0.7856290198850876 0.34337258276563665 
-0.3678224298806201 -1.3751452079146942 -1.256630426848813 -0.12401325524365814 -2.2530247920351756 -0.5727701268146115 -1.6088407713569857 -0.6689427156014666 -0.7856290198850876 0.34337258276563665 
-0.3678224298806201 -1.3751452079146942 -1.256630426848813 -0.12401325524365814 -2.2530247920351756 -0.5727701268146115 -2.679856758713532 -0.6689427156014666 -0.7856290198850876 0.34337258276563665 
-0.3678224298806201 -1.3751452079146942 -1.256630426848813 -0.12401325524365814 -2.2530247920351756 -0.5727701268146115 -2.679856758713532 -0.6689427156014666 -0.7856290198850876 0.34337258276563665 
-0.3678224298806201 -1.3751452079146942 -1.273008184923259 -0.12401325524365814 -2.2530247920351756 -0.5727701268146115 -2.679856758713532 -0.6689427156014666 -0.7856290198850876 0.34337258276563665 
-0.3678224298806201 -1.3751452079146942 -1.273008184923259 -0.12401325524365814 -2.2530247920351756 -0.5727701268146115 -2.679856758713532 -0.6689427156014666 -0.7856290198850876 0.34337258276563665 
-0.3678224298806201 -1.3751452079146942 -1.273008184923259 -0.12401325524365814 -2.2530247920351756 -0.5727701268146115 -2.679856758713532 -0.6689427156014666 -0.7856290198850876 0.34337258276563665 
-0.3678224298806201 -1.3751452079146942 -1.273008184923259 -0.12401325524365814 -2.2530247920351756 -0.5727701268146115 -2.679856758713532 -0.6689427156014666 -0.7856290198850876 0.34337258276563665 
-0.3678224298806201 -1.3751452079146942 -1.273008184923259 -0.12401325524365814 -2.2530247920351756 -0.5727701268146115 -2.679856758713532 -0.6689427156014666 -0.7856290198850876 0.34337258276563665 
-0.3678224298806201 -1.3751452079146942 -1.334317106549543 -0.12401325524365814 -2.2530247920351756 -0.5727701268146115 -2.679856758713532 -0.6689427156014666 -0.7856290198850876 0.34337258276563665 
-0.3678224298806201 -1.3751452079146942 -1.334317106549543 -0.12401325524365814 -2.2530247920351756 -0.5727701268146115 -2.679856758713532 -0.6689427156014666 -0.7856290198850876 0.34337258276563665 
-0.3678224298806201 -1.3751452079146942 -1.334317106549543 -0.12401325524365814 -2.2530247920351756 -0.5727701268146115 -2.679856758713532 -0.6689427156014666 -0.7856290198850876 0.34337258276563665 
-0.3678224298806201 -1.3751452079146942 -1.334317106549543 -0.12401325524365814 -2.2530247920351756 -0.5727701268146115 -2.679856758713532 -0.6689427156014666 -0.7856290198850876 0.34337258276563665 
-0.3678224298806201 -1.3751452079146942 -1.334317106549543 -0.12401325524365814 -2.2530247920351756 -0.5727701268146115 -2.679856758713532 -0.6689427156014666 -0.7856290198850876 0.34337258276563665 
-0.3678224298806201 -1.3751452079146942 -1.334317106549543 -0.12401325524365814 -2.2530247920351756 -0.5727701268146115 -2.679856758713532 -1.0858113237821398 -0.7856290198850876 0.34337258276563665 
-0.3678224298806201 -1.3751452079146942 -1.334317106549543 -0.12401325524365814 -2.2530247920351756 -0.5727701268146115 -2.679856758713532 -1.0858113237821398 -0.7856290198850876 0.34337258276563665 
-0.3678224298806201 -1.3751452079146942 -1.334317106549543 -0.12401325524365814 -2.2530247920351756 -0.5727701268146115 -2.679856758713532 -1.0858113237821398 -0.7856290198850876 0.34337258276563665 
-0.3678224298806201 -1.3751452079146942 -1.334317106549543 -0.12401325524365814 -2.2530247920351756 -0.5727701268146115 -2.679856758713532 -1.0858113237821398 -0.7856290198850876 0.34337258276563665 
-0.3678224298806201 -1.3751452079146942 -1.334317106549543 -0.12401325524365814 -2.2530247920351756 -0.5727701268146115 -2.679856758713532 -1.0858113237821398 -0.7856290198850876 0.34337258276563665 
-0.3678224298806201 -1.3751452079146942 -1.334317106549543 -0.12401325524365814 -2.2530247920351756 -0.5727701268146115 -2.679856758713532 -1.0858113237821398 -0.9027170267481597 0.34337258276563665 
-0.3678224298806201 -1.3751452079146942 -1.334317106549543 -0.12401325524365814 -2.2530247920351756 -0.5727701268146115 -2.679856758713532 -1.0858113237821398 -0.9027170267481597 0.34337258276563665 
-0.3678224298806201 -1.3751452079146942 -1.334317106549543 -0.12401325524365814 -2.2530247920351756 -0.6549037364234993 -2.679856758713532 -1.0858113237821398 -0.9027170267481597 0.34337258276563665 
-0.3678224298806201 -1.3751452079146942 -1.334317106549543 -0.12401325524365814 -2.2530247920351756 -0.6549037364234993 -2.679856758713532 -1.0858113237821398 -0.9027170267481597 0.34337258276563665 
-0.3678224298806201 -1.3751452079146942 -1.334317106549543 -0.12401325524365814 -2.2530247920351756 -0.6549037364234993 -2.679856758713532 -1.0858113237821398 -0.9027170267481597 0.34337258276563665 
-0.3678224298806201 -1.3751452079146942 -1.334317106549543 -0.12401325524365814 -2.2530247920351756 -0.6549037364234993 -2.679856758713532 -1.0858113237821398 -0.9027170267481597 0.34337258276563665 
-0.3678224298806201 -1.3751452079146942 -1.334317106549543 -0.12401325524365814 -2.2530247920351756 -0.6549037364234993 -2.679856758713532 -1.0858113237821398 -0.9027170267481597 0.34337258276563665 
-0.3678224298806201 -1.3751452079146942 -1.334317106549543 -0.1683978157859659 -2.2530247920351756 -0.6549037364234993 -2.679856758713532 -1.0858113237821398 -0.9027170267481597 0.34337258276563665 
-0.3678224298806201 -1.3751452079146942 -1.334317106549543 -0.1683978157859659 -2.2530247920351756 -0.6549037364234993 -2.679856758713532 -1.0858113237821398 -0.9027170267481597 0.34337258276563665 
-0.3678224298806201 -1.3751452079146942 -1.334317106549543 -0.1683978157859659 -2.2530247920351756 -0.6549037364234993 -2.679856758713532 -1.0858113237821398 -0.9027170267481597 0.34337258276563665 
-0.3678224298806201 -1.3751452079146942 -1.334317106549543 -0.1683978157859659 -2.2530247920351756 -0.6549037364234993 -2.679856758713532 -1.0858113237821398 -0.9027170267481597 0.34337258276563665 
-0.3678224298806201 -1.3751452079146942 -1.334317106549543 -0.1683978157859659 -2.2530247920351756 -0.6549037364234993 -2.679856758713532 -1.0858113237821398 -0.9027170267481597 0.34337258276563665 
-0.3678224298806201 -1.3751452079146942 -1.334317106549543 -0.1683978157859659 -2.2530247920351756 -0.6549037364234993 -2.679856758713532 -1.0858113237821398 -0.9027170267481597 0.34337258276563665 
-0.3678224298806201 -1.3751452079146942 -1.334317106549543 -0.1683978157859659 -2.2530247920351756 -0.6549037364234993 -2.679856758713532 -1.0858113237821398 -0.9027170267481597 0.34337258276563665 
-0.3678224298806201 -1.3751452079146942 -1.334317106549543 -0.1683978157859659 -2.2530247920351756 -0.6549037364234993 -2.679856758713532 -1.0858113237821398 -0.9027170267481597 0.34337258276563665 
-0.3678224298806201 -1.3751452079146942 -1.334317106549543 -0.1683978157859659 -2.2530247920351756 -0.6549037364234993 -2.679856758713532 -1.0858113237821398 -0.9027170267481597 0.34337258276563665 
-0.3678224298806201 -1.3751452079146942 -1.334317106549543 -0.1683978157859659 -2.2530247920351756 -0.6549037364234993 -2.679856758713532 -1.0858113237821398 -0.9027170267481597 0.34337258276563665 
-0.3678224298806201 -1.3751452079146942 -1.334317106549543 -0.1683978157859659 -2.2530247920351756 -0.6549037364234993 -2.679856758713532 -1.0858113237821398 -0.9027170267481597 0.34337258276563665 
-0.3678224298806201 -1.3751452079146942 -1.334317106549543 -0.1683978157859659 -2.2530247920351756 -0.6549037364234993 -2.679856758713532 -1.0858113237821398 -0.9027170267481597 0.34337258276563665 
-0.3678224298806201 -1.3751452079146942 -1.334317106549543 -0.1683978157859659 -2.2530247920351756 -0.6549037364234993 -2.679856758713532 -1.0858113237821398 -0.9027170267481597 0.34337258276563665 
-0.3678224298806201 -1.3751452079146942 -1.334317106549543 -0.1683978157859659 -2.2530247920351756 -0.6549037364234993 -2.679856758713532 -1.0858113237821398 -0.9027170267481597 0.34337258276563665 
-0.3678224298806201 -1.3751452079146942 -1.334317106549543 -0.1683978157859659 -2.2530247920351756 -0.6549037364234993 -2.679856758713532 -1.0858113237821398 -0.9027170267481597 0.34337258276563665 
-0.3678224298806201 -1.3751452079146942 -1.334317106549543 -0.1683978157859659 -2.2530247920351756 -0.6549037364234993 -2.679856758713532 -1.0858113237821398 -0.9027170267481597 0.34337258276563665 
-0.3678224298806201 -1.3751452079146942 -1.334317106549543 -0.1683978157859659 -2.2530247920351756 -0.6549037364234993 -2.679856758713532 -1.0858113237821398 -0.9027170267481597 0.34337258276563665 
-0.3678224298806201 -1.3751452079146942 -1.334317106549543 -0.1683978157859659 -2.2530247920351756 -0.6549037364234993 -2.679856758713532 -1.0858113237821398 -0.9027170267481597 0.34337258276563665 
-0.3678224298806201 -1.3751452079146942 -1.334317106549543 -0.1683978157859659 -2.2530247920351756 -0.6549037364234993 -2.679856758713532 -1.0858113237821398 -0.9027170267481597 0.34337258276563665 
-0.3678224298806201 -1.3751452079146942 -1.334317106549543 -0.1683978157859659 -2.2530247920351756 -0.6549037364234993 -2.679856758713532 -1.0858113237821398 -0.9027170267481597 0.34337258276563665 
-0.3678224298806201 -1.3751452079146942 -1.334317106549543 -0.1683978157859659 -2.2530247920351756 -0.6549037364234993 -2.679856758713532 -1.0858113237821398 -0.9027170267481597 0.34337258276563665 
-0.3678224298806201 -1.3751452079146942 -1.334317106549543 -0.1683978157859659 -2.2530247920351756 -0.6549037364234993 -2.679856758713532 -1.0858113237821398 -0.9027170267481597 0.34337258276563665 
-0.3678224298806201 -1.3751452079146942 -1.334317106549543 -0.1683978157859659 -2.2530247920351756 -0.6549037364234993 -2.679856758713532 -1.0858113237821398 -0.9027170267481597 0.34337258276563665 
-0.3678224298806201 -1.3751452079146942 -1.334317106549543 -0.1683978157859659 -2.2530247920351756 -0.6549037364234993 -2.679856758713532 -1.0858113237821398 -0.9027170267481597 0.34337258276563665 
-0.3678224298806201 -1.3751452079146942 -1.334317106549543 -0.1683978157859659 -2.2530247920351756 -0.6549037364234993 -2.679856758713532 -1.0858113237821398 -0.9027170267481597 0.34337258276563665 
-0.3678224298806201 -1.3751452079146942 -1.334317106549543 -0.1683978157859659 -2.2530247920351756 -0.6549037364234993 -2.679856758713532 -1.0858113237821398 -0.9027170267481597 0.34337258276563665 
-0.3678224298806201 -1.3751452079146942 -1.334317106549543 -0.5903424467540273 -2.2530247920351756 -0.6549037364234993 -2.679856758713532 -1.0858113237821398 -0.9027170267481597 0.34337258276563665 
-0.3678224298806201 -1.3751452079146942 -1.334317106549543 -0.5903424467540273 -2.2530247920351756 -0.6549037364234993 -2.679856758713532 -1.0858113237821398 -0.9027170267481597 0.34337258276563665 
-0.3678224298806201 -1.3751452079146942 -1.334317106549543 -0.5903424467540273 -2.2530247920351756 -0.6549037364234993 -2.679856758713532 -1.0858113237821398 -0.9027170267481597 0.34337258276563665 
-0.3678224298806201 -1.3751452079146942 -1.334317106549543 -0.5903424467540273 -2.2530247920351756 -0.6549037364234993 -2.679856758713532 -1.0858113237821398 -0.9027170267481597 0.34337258276563665 
-0.3678224298806201 -1.3751452079146942 -1.334317106549543 -0.5903424467540273 -2.2530247920351756 -0.6549037364234993 -2.679856758713532 -1.0858113237821398 -0.9027170267481597 0.34337258276563665 
-0.3678224298806201 -1.3751452079146942 -1.334317106549543 -0.5903424467540273 -2.2530247920351756 -0.6549037364234993 -2.679856758713532 -1.0858113237821398 -0.9027170267481597 0.34337258276563665 
-0.3678224298806201 -1.3751452079146942 -1.334317106549543 -0.5903424467540273 -2.2530247920351756 -0.6549037364234993 -2.679856758713532 -1.0858113237821398 -0.9027170267481597 0.34337258276563665 
-0.3678224298806201 -1.3751452079146942 -1.334317106549543 -0.5903424467540273 -2.2530247920351756 -0.6549037364234993 -2.679856758713532 -1.0858113237821398 -0.9027170267481597 0.016974951373236347 
-0.3678224298806201 -1.3751452079146942 -1.334317106549543 -0.5903424467540273 -2.2530247920351756 -0.6549037364234993 -2.679856758713532 -1.0858113237821398 -0.9027170267481597 0.016974951373236347 
-0.3678224298806201 -1.3751452079146942 -1.334317106549543 -0.5903424467540273 -2.2530247920351756 -0.6549037364234993 -2.679856758713532 -1.0858113237821398 -0.9027170267481597 0.016974951373236347 
-0.3678224298806201 -1.3751452079146942 -1.334317106549543 -0.5903424467540273 -2.2530247920351756 -0.6549037364234993 -2.679856758713532 -1.0858113237821398 -0.9027170267481597 0.016974951373236347 
-0.3678224298806201 -1.3751452079146942 -1.334317106549543 -0.5903424467540273 -2.2530247920351756 -0.6549037364234993 -2.679856758713532 -1.0858113237821398 -0.9027170267481597 0.016974951373236347 
-0.3678224298806201 -1.3751452079146942 -1.334317106549543 -0.5903424467540273 -2.2530247920351756 -0.6549037364234993 -2.679856758713532 -1.0858113237821398 -0.9027170267481597 0.016974951373236347 
-0.3678224298806201 -1.3751452079146942 -1.334317106549543 -0.5903424467540273 -2.2530247920351756 -0.6549037364234993 -2.679856758713532 -1.0858113237821398 -0.9027170267481597 0.016974951373236347 
-0.3678224298806201 -2.2702882945944998 -1.334317106549543 -0.5903424467540273 -2.2530247920351756 -0.6549037364234993 -2.679856758713532 -1.0858113237821398 -0.9027170267481597 -0.3620823656461663 
-0.3678224298806201 -2.2702882945944998 -1.334317106549543 -0.5903424467540273 -2.2530247920351756 -0.6549037364234993 -2.679856758713532 -1.0858113237821398 -0.9027170267481597 -0.3620823656461663 
-0.3678224298806201 -2.2702882945944998 -1.334317106549543 -0.5903424467540273 -2.2530247920351756 -0.6549037364234993 -2.679856758713532 -1.0858113237821398 -0.9027170267481597 -0.3620823656461663 
-0.3678224298806201 -2.2702882945944998 -1.334317106549543 -0.5903424467540273 -2.2530247920351756 -0.6549037364234993 -2.679856758713532 -1.0858113237821398 -0.9027170267481597 -0.3620823656461663 
-0.3678224298806201 -2.2702882945944998 -1.334317106549543 -0.5903424467540273 -2.2530247920351756 -0.6549037364234993 -2.679856758713532 -1.0858113237821398 -0.9027170267481597 -0.3620823656461663 
-0.3678224298806201 -2.2702882945944998 -1.334317106549543 -0.5903424467540273 -2.2530247920351756 -0.6549037364234993 -2.679856758713532 -1.0858113237821398 -0.9027170267481597 -0.3620823656461663 
-0.3678224298806201 -2.2702882945944998 -1.334317106549543 -0.5903424467540273 -2.2530247920351756 -0.6549037364234993 -2.679856758713532 -1.0858113237821398 -0.9027170267481597 -0.3620823656461663 
-0.3678224298806201 -2.2702882945944998 -1.334317106549543 -0.5903424467540273 -2.2530247920351756 -0.6549037364234993 -2.679856758713532 -1.0858113237821398 -0.9027170267481597 -0.3620823656461663 
-0.3678224298806201 -2.2702882945944998 -1.334317106549543 -0.5903424467540273 -2.2530247920351756 -0.6549037364234993 -2.679856758713532 -1.0858113237821398 -0.9027170267481597 -0.3620823656461663 
-0.3678224298806201 -2.2702882945944998 -1.334317106549543 -0.5903424467540273 -2.2530247920351756 -0.6549037364234993 -2.679856758713532 -1.0858113237821398 -0.9027170267481597 -0.3620823656461663 
-0.3678224298806201 -2.2702882945944998 -1.334317106549543 -0.5903424467540273 -2.2530247920351756 -0.6549037364234993 -2.679856758713532 -1.0858113237821398 -0.9027170267481597 -0.3620823656461663 
-0.3678224298806201 -2.2702882945944998 -1.334317106549543 -0.5903424467540273 -2.2530247920351756 -0.6549037364234993 -2.679856758713532 -1.0858113237821398 -0.9027170267481597 -0.3620823656461663 
-0.3678224298806201 -2.2702882945944998 -1.334317106549543 -0.5903424467540273 -2.2530247920351756 -0.6549037364234993 -2.679856758713532 -1.0858113237821398 -0.9027170267481597 -0.3620823656461663 
-0.3678224298806201 -2.2702882945944998 -1.334317106549543 -0.5903424467540273 -2.2530247920351756 -0.6549037364234993 -2.679856758713532 -1.0858113237821398 -0.9027170267481597 -0.3620823656461663 
-0.3678224298806201 -2.2702882945944998 -1.334317106549543 -0.5903424467540273 -2.2530247920351756 -0.6549037364234993 -2.679856758713532 -1.0858113237821398 -0.9027170267481597 -0.3620823656461663 
-0.3678224298806201 -2.2702882945944998 -1.334317106549543 -0.5903424467540273 -2.2530247920351756 -0.6549037364234993 -2.679856758713532 -1.0858113237821398 -0.9027170267481597 -0.3620823656461663 
-0.3678224298806201 -2.2702882945944998 -1.334317106549543 -0.5903424467540273 -2.2530247920351756 -0.6549037364234993 -2.679856758713532 -1.0858113237821398 -0.9027170267481597 -0.3620823656461663 
-0.3678224298806201 -2.2702882945944998 -1.334317106549543 -0.5903424467540273 -2.2530247920351756 -0.6549037364234993 -2.679856758713532 -1.0858113237821398 -0.9027170267481597 -0.3620823656461663 
-0.3678224298806201 -2.2702882945944998 -1.334317106549543 -0.5903424467540273 -2.2530247920351756 -0.6549037364234993 -2.679856758713532 -1.0858113237821398 -0.9027170267481597 -0.3620823656461663 
-0.3678224298806201 -2.2702882945944998 -1.334317106549543 -0.5903424467540273 -2.2530247920351756 -0.6549037364234993 -2.679856758713532 -1.0858113237821398 -0.9027170267481597 -0.3620823656461663 
-0.3678224298806201 -2.2702882945944998 -1.334317106549543 -0.5903424467540273 -2.2530247920351756 -0.6549037364234993 -2.679856758713532 -1.0858113237821398 -0.9027170267481597 -0.3620823656461663 
-0.3678224298806201 -2.2702882945944998 -1.334317106549543 -0.5903424467540273 -2.2530247920351756 -0.6549037364234993 -2.679856758713532 -1.0858113237821398 -0.9027170267481597 -0.3620823656461663 
-0.3678224298806201 -2.2702882945944998 -1.334317106549543 -0.5903424467540273 -2.2530247920351756 -0.6549037364234993 -2.679856758713532 -1.0858113237821398 -0.9027170267481597 -0.3620823656461663 
-0.3678224298806201 -2.2702882945944998 -1.334317106549543 -0.5903424467540273 -2.2530247920351756 -0.6549037364234993 -2.679856758713532 -1.0858113237821398 -1.3366560796031348 -0.3620823656461663 
-0.3678224298806201 -2.2702882945944998 -1.334317106549543 -0.5903424467540273 -2.2530247920351756 -0.6549037364234993 -2.679856758713532 -1.0858113237821398 -1.3366560796031348 -0.3620823656461663 
-0.3678224298806201 -2.2702882945944998 -1.334317106549543 -0.5903424467540273 -2.2530247920351756 -0.6549037364234993 -2.679856758713532 -1.0858113237821398 -1.3366560796031348 -0.3620823656461663 
-0.3678224298806201 -2.2702882945944998 -1.334317106549543 -0.5903424467540273 -2.2530247920351756 -0.6549037364234993 -2.679856758713532 -1.0858113237821398 -1.3366560796031348 -0.3620823656461663 
-0.3678224298806201 -2.2702882945944998 -1.334317106549543 -0.5903424467540273 -2.2530247920351756 -0.6549037364234993 -2.679856758713532 -1.0858113237821398 -1.3366560796031348 -0.3620823656461663 
-0.3678224298806201 -2.2702882945944998 -1.334317106549543 -0.5903424467540273 -2.2530247920351756 -0.6549037364234993 -2.679856758713532 -1.0858113237821398 -1.3366560796031348 -0.3620823656461663 
-0.3678224298806201 -2.2702882945944998 -1.334317106549543 -0.5903424467540273 -2.2530247920351756 -0.6549037364234993 -2.679856758713532 -1.0858113237821398 -1.3366560796031348 -0.3620823656461663 
-0.3678224298806201 -2.2702882945944998 -1.334317106549543 -0.5903424467540273 -2.2530247920351756 -0.6549037364234993 -2.679856758713532 -1.0858113237821398 -1.3366560796031348 -0.3620823656461663 
-0.3678224298806201 -2.2702882945944998 -1.334317106549543 -0.5903424467540273 -2.2530247920351756 -0.6549037364234993 -2.679856758713532 -1.0858113237821398 -1.3366560796031348 -0.3620823656461663 
-0.3678224298806201 -2.2702882945944998 -1.334317106549543 -0.5903424467540273 -2.2530247920351756 -0.6549037364234993 -2.679856758713532 -1.0858113237821398 -1.3366560796031348 -0.3620823656461663 
-0.3678224298806201 -2.2702882945944998 -1.334317106549543 -0.5903424467540273 -2.2530247920351756 -0.6549037364234993 -2.679856758713532 -1.0858113237821398 -1.3366560796031348 -0.3620823656461663 
-0.3678224298806201 -2.2702882945944998 -1.334317106549543 -0.5903424467540273 -2.2530247920351756 -0.6549037364234993 -2.679856758713532 -1.0858113237821398 -1.3366560796031348 -0.3620823656461663 
-0.3678224298806201 -2.2702882945944998 -1.334317106549543 -0.5903424467540273 -2.2530247920351756 -0.6549037364234993 -2.679856758713532 -1.0858113237821398 -1.3366560796031348 -0.3620823656461663 
-0.3678224298806201 -2.2702882945944998 -1.334317106549543 -0.5903424467540273 -2.2530247920351756 -0.6549037364234993 -2.679856758713532 -1.0858113237821398 -1.3366560796031348 -0.3620823656461663 
-0.3678224298806201 -2.2702882945944998 -1.334317106549543 -1.4433003015571526 -2.2530247920351756 -0.6549037364234993 -2.679856758713532 -1.0858113237821398 -1.3366560796031348 -0.3620823656461663 
-0.3678224298806201 -2.2702882945944998 -1.334317106549543 -1.4433003015571526 -2.2530247920351756 -0.6549037364234993 -2.679856758713532 -1.0858113237821398 -1.3366560796031348 -0.3620823656461663 
-0.3678224298806201 -2.2702882945944998 -1.334317106549543 -1.4433003015571526 -2.2530247920351756 -0.6549037364234993 -2.679856758713532 -1.0858113237821398 -1.3366560796031348 -0.3620823656461663 
-0.3678224298806201 -2.2702882945944998 -1.334317106549543 -1.4433003015571526 -2.2530247920351756 -0.6549037364234993 -2.679856758713532 -1.0858113237821398 -1.3366560796031348 -0.3620823656461663 
-0.3678224298806201 -2.2702882945944998 -1.334317106549543 -1.4433003015571526 -2.2530247920351756 -0.6549037364234993 -2.679856758713532 -1.0858113237821398 -1.3366560796031348 -0.3620823656461663 
-0.3678224298806201 -2.2702882945944998 -1.334317106549543 -1.4433003015571526 -2.2530247920351756 -0.6549037364234993 -2.679856758713532 -1.0858113237821398 -1.3366560796031348 -0.3620823656461663 
-0.3678224298806201 -2.2702882945944998 -1.334317106549543 -1.4433003015571526 -2.2530247920351756 -0.6549037364234993 -2.679856758713532 -1.0858113237821398 -1.3366560796031348 -0.3620823656461663 
-0.3678224298806201 -2.2702882945944998 -1.334317106549543 -1.4433003015571526 -2.2530247920351756 -0.6549037364234993 -2.679856758713532 -1.0858113237821398 -1.3366560796031348 -0.3620823656461663 
-0.3678224298806201 -2.2702882945944998 -1.334317106549543 -1.4433003015571526 -2.2530247920351756 -0.6549037364234993 -2.679856758713532 -1.0858113237821398 -1.3366560796031348 -0.3620823656461663 
-0.3678224298806201 -2.2702882945944998 -1.334317106549543 -1.4433003015571526 -2.2530247920351756 -0.6549037364234993 -2.679856758713532 -1.0858113237821398 -1.3366560796031348 -0.3620823656461663 
-0.3678224298806201 -2.2702882945944998 -1.334317106549543 -1.4433003015571526 -2.2530247920351756 -0.6549037364234993 -2.679856758713532 -1.0858113237821398 -1.3366560796031348 -0.3620823656461663 
-0.3678224298806201 -2.2702882945944998 -1.334317106549543 -1.4433003015571526 -2.2530247920351756 -0.6549037364234993 -2.679856758713532 -1.0858113237821398 -1.3366560796031348 -0.3620823656461663 
-0.3678224298806201 -2.2702882945944998 -1.334317106549543 -1.4433003015571526 -2.2530247920351756 -0.6549037364234993 -2.679856758713532 -1.2007060725300644 -1.3366560796031348 -0.3620823656461663 
-0.3678224298806201 -2.2702882945944998 -1.334317106549543 -1.4433003015571526 -2.2530247920351756 -0.6549037364234993 -2.679856758713532 -1.2007060725300644 -1.3366560796031348 -0.3620823656461663 
-0.3678224298806201 -2.2702882945944998 -1.334317106549543 -1.4433003015571526 -2.2530247920351756 -0.6549037364234993 -2.679856758713532 -1.2007060725300644 -1.3366560796031348 -0.3620823656461663 
-0.3678224298806201 -2.2702882945944998 -1.334317106549543 -1.4433003015571526 -2.2530247920351756 -0.6549037364234993 -2.679856758713532 -1.2007060725300644 -1.3366560796031348 -0.3620823656461663 
-0.3678224298806201 -2.2702882945944998 -1.334317106549543 -1.4433003015571526 -2.2530247920351756 -0.6549037364234993 -2.679856758713532 -1.2007060725300644 -1.3366560796031348 -0.3620823656461663 
-0.3678224298806201 -2.2702882945944998 -1.334317106549543 -1.4433003015571526 -2.2530247920351756 -0.6549037364234993 -2.679856758713532 -1.2007060725300644 -1.3366560796031348 -0.3620823656461663 
-0.3678224298806201 -2.2702882945944998 -1.334317106549543 -1.4433003015571526 -2.2530247920351756 -0.6549037364234993 -2.679856758713532 -1.2007060725300644 -1.3366560796031348 -0.3620823656461663 
-0.3678224298806201 -2.2702882945944998 -1.334317106549543 -1.4433003015571526 -2.2530247920351756 -0.6549037364234993 -2.679856758713532 -1.2007060725300644 -1.3366560796031348 -0.3620823656461663 
-0.3678224298806201 -2.2702882945944998 -1.334317106549543 -1.4433003015571526 -2.2530247920351756 -0.6549037364234993 -2.679856758713532 -1.2007060725300644 -1.3366560796031348 -0.3620823656461663 
-0.3678224298806201 -2.2702882945944998 -1.334317106549543 -1.4433003015571526 -2.2530247920351756 -0.6549037364234993 -2.679856758713532 -1.2007060725300644 -1.3366560796031348 -0.3620823656461663 
-0.3678224298806201 -2.2702882945944998 -1.334317106549543 -1.4433003015571526 -2.2530247920351756 -0.6549037364234993 -2.679856758713532 -1.2007060725300644 -1.3366560796031348 -0.3620823656461663 
-0.3678224298806201 -2.2702882945944998 -1.334317106549543 -1.4433003015571526 -2.2530247920351756 -0.6549037364234993 -2.679856758713532 -1.2007060725300644 -1.3366560796031348 -0.3620823656461663 
-0.3678224298806201 -2.2702882945944998 -1.334317106549543 -1.4433003015571526 -2.2530247920351756 -0.6549037364234993 -2.679856758713532 -1.2007060725300644 -1.3366560796031348 -0.3620823656461663 
-0.3678224298806201 -2.2702882945944998 -1.334317106549543 -1.4433003015571526 -2.2530247920351756 -0.6549037364234993 -2.679856758713532 -1.2007060725300644 -1.3366560796031348 -0.3620823656461663 
-0.3678224298806201 -2.2702882945944998 -1.334317106549543 -1.4433003015571526 -2.2530247920351756 -0.6549037364234993 -2.679856758713532 -1.2007060725300644 -1.3366560796031348 -0.3620823656461663 
-0.3678224298806201 -2.2702882945944998 -1.334317106549543 -1.4433003015571526 -2.2530247920351756 -0.6549037364234993 -2.679856758713532 -1.2007060725300644 -1.3366560796031348 -0.3620823656461663 
-0.3678224298806201 -2.2702882945944998 -1.334317106549543 -1.4433003015571526 -2.2530247920351756 -0.6549037364234993 -2.679856758713532 -1.2007060725300644 -1.3366560796031348 -0.3620823656461663 
-0.3678224298806201 -2.2702882945944998 -1.334317106549543 -1.4433003015571526 -2.2530247920351756 -0.6549037364234993 -2.679856758713532 -1.2007060725300644 -1.3366560796031348 -0.3620823656461663 
-0.3678224298806201 -2.2702882945944998 -1.334317106549543 -1.4433003015571526 -2.2530247920351756 -0.6549037364234993 -2.679856758713532 -1.2007060725300644 -1.3366560796031348 -0.3620823656461663 
-0.3678224298806201 -2.2702882945944998 -1.334317106549543 -1.4433003015571526 -2.2530247920351756 -0.6549037364234993 -2.679856758713532 -1.2007060725300644 -1.3366560796031348 -0.3620823656461663 
-0.3678224298806201 -2.2702882945944998 -1.334317106549543 -1.4433003015571526 -2.2530247920351756 -0.6549037364234993 -2.679856758713532 -1.2007060725300644 -1.3366560796031348 -0.3620823656461663 
-0.3678224298806201 -2.2702882945944998 -1.334317106549543 -1.4433003015571526 -2.2530247920351756 -0.6549037364234993 -2.679856758713532 -1.2007060725300644 -1.3366560796031348 -0.3620823656461663 
-0.3678224298806201 -2.2702882945944998 -1.334317106549543 -1.4433003015571526 -2.2530247920351756 -0.6549037364234993 -2.679856758713532 -1.2007060725300644 -1.3366560796031348 -0.3620823656461663 
-0.3678224298806201 -2.2702882945944998 -1.334317106549543 -1.4433003015571526 -2.2530247920351756 -0.6549037364234993 -2.679856758713532 -1.2007060725300644 -1.3366560796031348 -0.3620823656461663 
-0.3678224298806201 -2.2702882945944998 -1.334317106549543 -1.4433003015571526 -2.2530247920351756 -0.6549037364234993 -2.679856758713532 -1.2007060725300644 -1.3366560796031348 -0.3620823656461663 
-0.3678224298806201 -2.2702882945944998 -1.334317106549543 -1.4433003015571526 -2.2530247920351756 -0.6549037364234993 -2.679856758713532 -1.2007060725300644 -1.3366560796031348 -0.3620823656461663 
-0.3678224298806201 -2.2702882945944998 -1.334317106549543 -1.4433003015571526 -2.2530247920351756 -0.6549037364234993 -2.679856758713532 -1.2007060725300644 -1.3366560796031348 -0.3620823656461663 
-0.3678224298806201 -2.2702882945944998 -1.334317106549543 -1.4433003015571526 -2.2530247920351756 -0.6549037364234993 -2.679856758713532 -1.2007060725300644 -1.3366560796031348 -0.3620823656461663 
-0.3678224298806201 -2.2702882945944998 -1.334317106549543 -1.4433003015571526 -2.2530247920351756 -0.6549037364234993 -2.679856758713532 -1.2007060725300644 -1.3366560796031348 -0.3620823656461663 
-0.3678224298806201 -2.2702882945944998 -1.334317106549543 -1.4433003015571526 -2.2530247920351756 -0.6549037364234993 -2.679856758713532 -1.2007060725300644 -1.3366560796031348 -0.3620823656461663 
-0.3678224298806201 -2.2702882945944998 -1.334317106549543 -1.4433003015571526 -2.2530247920351756 -0.6549037364234993 -2.679856758713532 -1.2007060725300644 -1.3366560796031348 -0.3620823656461663 
-0.3678224298806201 -2.2702882945944998 -1.334317106549543 -1.4433003015571526 -2.2530247920351756 -0.6549037364234993 -2.679856758713532 -1.2007060725300644 -1.3366560796031348 -0.3620823656461663 
-0.3678224298806201 -2.2702882945944998 -1.334317106549543 -1.4433003015571526 -2.2530247920351756 -0.6549037364234993 -2.679856758713532 -1.2007060725300644 -1.3366560796031348 -0.3620823656461663 
-0.3678224298806201 -2.2702882945944998 -1.334317106549543 -1.4433003015571526 -2.2530247920351756 -0.6549037364234993 -2.679856758713532 -1.2007060725300644 -1.3366560796031348 -0.3620823656461663 
-0.3678224298806201 -2.2702882945944998 -1.334317106549543 -1.4433003015571526 -2.2530247920351756 -0.6549037364234993 -2.679856758713532 -1.2007060725300644 -1.3366560796031348 -0.3620823656461663 
-0.3678224298806201 -2.2702882945944998 -1.334317106549543 -1.4433003015571526 -2.2530247920351756 -0.6549037364234993 -2.679856758713532 -1.2007060725300644 -1.3366560796031348 -0.3620823656461663 
-0.3678224298806201 -2.2702882945944998 -1.334317106549543 -1.4433003015571526 -2.2530247920351756 -0.6549037364234993 -2.679856758713532 -1.2007060725300644 -1.3366560796031348 -0.3620823656461663 
-0.3678224298806201 -2.2702882945944998 -1.334317106549543 -1.4433003015571526 -2.2530247920351756 -0.6549037364234993 -2.679856758713532 -1.2007060725300644 -1.3366560796031348 -0.3620823656461663 
-0.3678224298806201 -2.2702882945944998 -1.334317106549543 -1.4433003015571526 -2.2530247920351756 -0.6549037364234993 -2.679856758713532 -1.2007060725300644 -1.3366560796031348 -0.3620823656461663 
-0.3678224298806201 -2.2702882945944998 -1.334317106549543 -1.4433003015571526 -2.2530247920351756 -0.6549037364234993 -2.679856758713532 -1.2007060725300644 -1.3366560796031348 -0.3620823656461663 
-0.3678224298806201 -2.2702882945944998 -1.334317106549543 -1.4433003015571526 -2.2530247920351756 -0.6549037364234993 -2.679856758713532 -1.2007060725300644 -1.3366560796031348 -0.3620823656461663 
-0.7571709597599836 -2.2702882945944998 -1.334317106549543 -1.4433003015571526 -2.2530247920351756 -0.6549037364234993 -2.679856758713532 -1.2007060725300644 -1.3366560796031348 -0.3620823656461663 
-0.7571709597599836 -2.2702882945944998 -1.334317106549543 -1.4433003015571526 -2.2530247920351756 -0.6549037364234993 -2.679856758713532 -1.2007060725300644 -1.3366560796031348 -0.3620823656461663 
-0.7571709597599836 -2.2702882945944998 -1.334317106549543 -1.4433003015571526 -2.2530247920351756 -0.6549037364234993 -2.679856758713532 -1.2007060725300644 -1.3366560796031348 -0.3620823656461663 
-0.7571709597599836 -2.2702882945944998 -1.334317106549543 -1.4433003015571526 -2.2530247920351756 -0.6549037364234993 -2.679856758713532 -1.2007060725300644 -1.3366560796031348 -0.3620823656461663 
-0.7571709597599836 -2.2702882945944998 -1.334317106549543 -1.4433003015571526 -2.2530247920351756 -0.6549037364234993 -2.679856758713532 -1.2007060725300644 -1.3366560796031348 -0.3620823656461663 
-0.7571709597599836 -2.2702882945944998 -1.334317106549543 -1.4433003015571526 -2.2530247920351756 -0.6549037364234993 -2.679856758713532 -1.2007060725300644 -1.3366560796031348 -0.3620823656461663 
-0.7571709597599836 -2.2702882945944998 -1.334317106549543 -1.4433003015571526 -2.2530247920351756 -0.6549037364234993 -2.679856758713532 -1.2007060725300644 -1.3366560796031348 -0.3620823656461663 
-0.7571709597599836 -2.2702882945944998 -1.334317106549543 -1.4433003015571526 -2.2530247920351756 -0.6549037364234993 -2.679856758713532 -1.2007060725300644 -1.3366560796031348 -0.3620823656461663 
-0.7571709597599836 -2.2702882945944998 -1.334317106549543 -1.4433003015571526 -2.2530247920351756 -0.6549037364234993 -2.679856758713532 -1.2007060725300644 -1.3366560796031348 -0.3620823656461663 
-0.7571709597599836 -2.2702882945944998 -1.334317106549543 -1.4433003015571526 -2.2530247920351756 -0.6549037364234993 -2.679856758713532 -1.2007060725300644 -1.3366560796031348 -0.3620823656461663 
-0.7571709597599836 -2.2702882945944998 -1.334317106549543 -1.4433003015571526 -2.2530247920351756 -0.6549037364234993 -2.679856758713532 -1.2007060725300644 -1.3366560796031348 -0.3620823656461663 
-0.7571709597599836 -2.2702882945944998 -1.334317106549543 -1.4433003015571526 -2.2530247920351756 -0.6549037364234993 -2.679856758713532 -1.2007060725300644 -1.3366560796031348 -0.3620823656461663 
-0.7571709597599836 -2.2702882945944998 -1.334317106549543 -1.4433003015571526 -2.2530247920351756 -0.6549037364234993 -2.679856758713532 -1.2007060725300644 -1.3366560796031348 -0.3620823656461663 
-0.7571709597599836 -2.2702882945944998 -1.334317106549543 -1.4433003015571526 -2.2530247920351756 -0.6549037364234993 -2.679856758713532 -1.2007060725300644 -1.3366560796031348 -0.3620823656461663 
-0.7571709597599836 -2.2702882945944998 -1.334317106549543 -1.4433003015571526 -2.2530247920351756 -0.6549037364234993 -2.679856758713532 -1.2007060725300644 -1.3366560796031348 -0.3620823656461663 
-0.7571709597599836 -2.2702882945944998 -1.334317106549543 -1.4433003015571526 -2.2530247920351756 -0.6549037364234993 -2.679856758713532 -1.2007060725300644 -1.3366560796031348 -0.3620823656461663 
-0.7571709597599836 -2.2702882945944998 -1.334317106549543 -1.4433003015571526 -2.2530247920351756 -0.6549037364234993 -2.679856758713532 -1.2007060725300644 -1.3366560796031348 -0.3620823656461663 
-0.7571709597599836 -2.2702882945944998 -1.334317106549543 -1.4433003015571526 -2.2530247920351756 -0.6549037364234993 -2.679856758713532 -1.2007060725300644 -1.3366560796031348 -0.3620823656461663 
-0.7571709597599836 -2.2702882945944998 -1.334317106549543 -1.4433003015571526 -2.2530247920351756 -0.6549037364234993 -2.679856758713532 -1.2007060725300644 -1.3366560796031348 -0.3620823656461663 
-0.7571709597599836 -2.2702882945944998 -1.334317106549543 -1.4433003015571526 -2.2530247920351756 -0.6549037364234993 -2.679856758713532 -1.2007060725300644 -1.3366560796031348 -0.3620823656461663 
-0.7571709597599836 -2.2702882945944998 -1.334317106549543 -1.4433003015571526 -2.2530247920351756 -0.6549037364234993 -2.679856758713532 -1.2007060725300644 -1.3366560796031348 -0.3620823656461663 
-0.7571709597599836 -2.2702882945944998 -1.334317106549543 -1.4433003015571526 -2.2530247920351756 -0.6549037364234993 -2.679856758713532 -1.2007060725300644 -1.3366560796031348 -0.9344202332540106 
-0.7571709597599836 -2.2702882945944998 -1.334317106549543 -1.4433003015571526 -2.2530247920351756 -0.6549037364234993 -2.679856758713532 -1.2007060725300644 -1.3366560796031348 -0.9344202332540106 
-0.7571709597599836 -2.2702882945944998 -1.334317106549543 -1.4433003015571526 -2.2530247920351756 -0.6549037364234993 -2.679856758713532 -1.2007060725300644 -1.3366560796031348 -0.9344202332540106 
-0.7571709597599836 -2.2702882945944998 -1.334317106549543 -1.4433003015571526 -2.2530247920351756 -0.6549037364234993 -2.679856758713532 -1.2007060725300644 -1.3366560796031348 -0.9344202332540106 
-0.7571709597599836 -2.2702882945944998 -1.334317106549543 -1.4433003015571526 -2.2530247920351756 -0.6549037364234993 -2.679856758713532 -1.2007060725300644 -1.3366560796031348 -0.9344202332540106 
-0.7571709597599836 -2.2702882945944998 -1.334317106549543 -1.4433003015571526 -2.2530247920351756 -0.6549037364234993 -2.679856758713532 -1.2007060725300644 -1.3366560796031348 -0.9344202332540106 
-0.7571709597599836 -2.2702882945944998 -1.334317106549543 -1.4433003015571526 -2.2530247920351756 -0.6549037364234993 -2.679856758713532 -1.2007060725300644 -1.3366560796031348 -0.9344202332540106 
-0.7571709597599836 -2.2702882945944998 -1.334317106549543 -1.4433003015571526 -2.2530247920351756 -0.6549037364234993 -2.679856758713532 -1.2007060725300644 -1.3366560796031348 -0.9344202332540106 
-0.7571709597599836 -2.2702882945944998 -1.334317106549543 -1.4433003015571526 -2.2530247920351756 -0.6549037364234993 -2.679856758713532 -1.2007060725300644 -1.3366560796031348 -0.9344202332540106 
-0.7571709597599836 -2.2702882945944998 -1.334317106549543 -1.4433003015571526 -2.2530247920351756 -0.6549037364234993 -2.679856758713532 -1.2007060725300644 -1.3366560796031348 -0.9344202332540106 
-0.7571709597599836 -2.2702882945944998 -1.334317106549543 -1.4433003015571526 -2.2530247920351756 -0.6549037364234993 -2.679856758713532 -1.2007060725300644 -1.3366560796031348 -0.9344202332540106 
-0.7571709597599836 -2.2702882945944998 -1.334317106549543 -1.4433003015571526 -2.2530247920351756 -0.6549037364234993 -2.679856758713532 -1.2007060725300644 -1.3366560796031348 -0.9344202332540106 
-0.7571709597599836 -2.2702882945944998 -1.334317106549543 -1.4433003015571526 -2.2530247920351756 -0.6549037364234993 -2.679856758713532 -1.2007060725300644 -1.3366560796031348 -0.9344202332540106 
-0.7571709597599836 -2.2702882945944998 -1.334317106549543 -1.4433003015571526 -2.2530247920351756 -0.6549037364234993 -2.679856758713532 -1.2007060725300644 -1.3366560796031348 -0.9344202332540106 
-0.7571709597599836 -2.2702882945944998 -1.334317106549543 -1.4433003015571526 -2.2530247920351756 -0.6549037364234993 -2.679856758713532 -1.2007060725300644 -1.3366560796031348 -0.9344202332540106 
-0.7571709597599836 -2.2702882945944998 -1.334317106549543 -1.4433003015571526 -2.2530247920351756 -0.6549037364234993 -2.679856758713532 -1.2007060725300644 -1.3366560796031348 -0.9344202332540106 
-0.7571709597599836 -2.2702882945944998 -1.334317106549543 -1.4433003015571526 -2.2530247920351756 -0.6549037364234993 -2.679856758713532 -1.2007060725300644 -1.3366560796031348 -0.9344202332540106 
-0.7571709597599836 -2.2702882945944998 -1.334317106549543 -1.4433003015571526 -2.2530247920351756 -0.6549037364234993 -2.679856758713532 -1.2007060725300644 -1.3366560796031348 -0.9344202332540106 
-0.7571709597599836 -2.2702882945944998 -1.334317106549543 -1.4433003015571526 -2.2530247920351756 -0.6549037364234993 -2.679856758713532 -1.2007060725300644 -1.3366560796031348 -0.9344202332540106 
-0.7571709597599836 -2.2702882945944998 -1.334317106549543 -1.4433003015571526 -2.2530247920351756 -0.6549037364234993 -2.679856758713532 -1.2007060725300644 -1.3366560796031348 -0.9344202332540106 
-0.7571709597599836 -2.2702882945944998 -1.334317106549543 -1.4433003015571526 -2.2530247920351756 -0.6549037364234993 -2.679856758713532 -1.2007060725300644 -1.3366560796031348 -0.9344202332540106 
-0.7571709597599836 -2.2702882945944998 -1.334317106549543 -1.4433003015571526 -2.2530247920351756 -0.6549037364234993 -2.679856758713532 -1.2007060725300644 -1.3366560796031348 -0.9344202332540106 
-0.7571709597599836 -2.2702882945944998 -1.334317106549543 -1.4433003015571526 -2.2530247920351756 -0.6549037364234993 -2.679856758713532 -1.2007060725300644 -1.3366560796031348 -0.9344202332540106 
-0.7571709597599836 -2.2702882945944998 -1.334317106549543 -1.4433003015571526 -2.2530247920351756 -0.6549037364234993 -2.679856758713532 -1.2007060725300644 -1.3366560796031348 -0.9344202332540106 
-0.7571709597599836 -2.2702882945944998 -1.334317106549543 -1.4433003015571526 -2.2530247920351756 -0.6549037364234993 -2.679856758713532 -1.2007060725300644 -1.3366560796031348 -0.9344202332540106 
-0.7571709597599836 -2.2702882945944998 -1.334317106549543 -1.4433003015571526 -2.2530247920351756 -0.6549037364234993 -2.679856758713532 -1.2007060725300644 -1.5240508365386465 -0.9344202332540106 
-0.7571709597599836 -2.2702882945944998 -1.334317106549543 -1.4433003015571526 -2.2530247920351756 -0.6549037364234993 -2.679856758713532 -1.2007060725300644 -1.5240508365386465 -0.9344202332540106 
-0.7571709597599836 -2.2702882945944998 -1.334317106549543 -1.4433003015571526 -2.2530247920351756 -0.6549037364234993 -2.679856758713532 -1.2007060725300644 -1.5240508365386465 -0.9344202332540106 
-0.7571709597599836 -2.2702882945944998 -1.334317106549543 -1.4433003015571526 -2.2530247920351756 -0.6549037364234993 -2.679856758713532 -1.2007060725300644 -1.5240508365386465 -0.9344202332540106 
-0.7571709597599836 -2.2702882945944998 -1.334317106549543 -1.4433003015571526 -2.2530247920351756 -0.6549037364234993 -2.679856758713532 -1.2007060725300644 -1.5240508365386465 -0.9344202332540106 
-0.7571709597599836 -2.2702882945944998 -1.334317106549543 -1.4433003015571526 -2.2530247920351756 -0.6549037364234993 -2.679856758713532 -1.2007060725300644 -1.5240508365386465 -0.9344202332540106 
-0.7571709597599836 -2.2702882945944998 -1.334317106549543 -1.4433003015571526 -2.2530247920351756 -0.6549037364234993 -2.679856758713532 -1.2007060725300644 -1.5240508365386465 -0.9344202332540106 
