0.9129834542089177 0.6071248788171846 1.0274401150752086 0.5857209487108531 0.4370214901368167 1.0924044583429957 0.8386812208123022 0.6951086308546476 0.3481876932716127 3.0741792334962694 
0.9129834542089177 0.5586863452616537 0.8282779185143945 0.5857209487108531 0.4370214901368167 1.0924044583429957 0.3015054291613064 0.6951086308546476 0.3481876932716127 2.042295441492484 
0.9129834542089177 -0.16377982403928076 0.6086385485407338 0.5857209487108531 0.4370214901368167 0.36456597350653863 0.3015054291613064 0.5819627244475543 0.3481876932716127 1.2001435501039888 
0.9129834542089177 -0.16377982403928076 0.6086385485407338 0.5857209487108531 0.4370214901368167 0.36456597350653863 0.3015054291613064 0.5819627244475543 0.3481876932716127 1.2001435501039888 
0.9129834542089177 -0.16377982403928076 0.6086385485407338 0.5857209487108531 0.3128337942795376 0.36456597350653863 0.3015054291613064 0.5819627244475543 0.3481876932716127 1.1373278428954823 
0.735705879768301 -0.16377982403928076 0.6086385485407338 0.5857209487108531 0.3128337942795376 0.36456597350653863 0.3015054291613064 0.5819627244475543 0.3481876932716127 1.1373278428954823 
0.735705879768301 -0.16377982403928076 0.4689451810516444 0.5857209487108531 0.3128337942795376 0.36456597350653863 0.30135504784244327 -0.036183712481457686 -0.37366738850304904 0.5301822306297613 
0.735705879768301 -0.16377982403928076 0.4689451810516444 0.5214453260390707 0.3128337942795376 0.36456597350653863 0.30135504784244327 -0.036183712481457686 -0.8974696971297809 0.5301822306297613 
0.735705879768301 -0.16377982403928076 0.40798255373063286 0.5214453260390707 0.3128337942795376 0.36456597350653863 0.30135504784244327 -0.036183712481457686 -0.8974696971297809 0.5301822306297613 
0.735705879768301 -0.16377982403928076 0.40798255373063286 0.5214453260390707 0.3128337942795376 0.36456597350653863 0.30135504784244327 -0.036183712481457686 -0.8974696971297809 0.5301822306297613 
0.735705879768301 -0.16377982403928076 0.40798255373063286 0.5214453260390707 0.3128337942795376 0.36456597350653863 0.30135504784244327 -0.036183712481457686 -0.8974696971297809 0.5301822306297613 
0.735705879768301 -0.16377982403928076 0.40798255373063286 0.419011480649181 0.3128337942795376 0.36456597350653863 0.30135504784244327 -0.036183712481457686 -0.8974696971297809 0.5301822306297613 
0.735705879768301 -0.16377982403928076 0.40798255373063286 0.419011480649181 0.1939283258115897 0.36456597350653863 0.30135504784244327 -0.036183712481457686 -0.8974696971297809 0.3568281133398372 
0.735705879768301 -0.16377982403928076 0.40798255373063286 0.419011480649181 0.1939283258115897 0.36456597350653863 0.27647313090527453 -0.036183712481457686 -0.8974696971297809 0.3568281133398372 
0.23522985233168323 -0.16377982403928076 0.40798255373063286 -0.15979604041714496 0.1939283258115897 0.36456597350653863 0.27647313090527453 -0.036183712481457686 -0.8974696971297809 -0.8294205618412522 
0.23522985233168323 -0.16377982403928076 0.40798255373063286 -0.15979604041714496 0.1939283258115897 0.36456597350653863 0.27647313090527453 -0.036183712481457686 -0.8974696971297809 -0.9809345351605874 
0.23522985233168323 -0.16377982403928076 0.40798255373063286 -0.15979604041714496 0.1939283258115897 0.36456597350653863 0.27647313090527453 -0.036183712481457686 -0.8974696971297809 -0.9809345351605874 
0.23522985233168323 -0.16377982403928076 0.40798255373063286 -0.15979604041714496 -0.6456353854125885 0.36456597350653863 0.27647313090527453 -0.036183712481457686 -0.8974696971297809 -0.9809345351605874 
0.23522985233168323 -0.16377982403928076 -0.977559872209552 -0.15979604041714496 -0.6471632700766667 0.36456597350653863 0.27647313090527453 -0.036183712481457686 -0.8974696971297809 -0.9809345351605874 
0.23522985233168323 -0.16377982403928076 -0.977559872209552 -0.15979604041714496 -0.6471632700766667 0.36456597350653863 0.27647313090527453 -0.036183712481457686 -0.8974696971297809 -0.9809345351605874 
0.23522985233168323 -0.16377982403928076 -0.977559872209552 -0.15979604041714496 -0.6471632700766667 0.36456597350653863 0.27647313090527453 -0.036183712481457686 -0.8974696971297809 -0.9809345351605874 
0.23522985233168323 -0.6691967570262641 -0.977559872209552 -0.15979604041714496 -0.6471632700766667 0.36456597350653863 -0.005623679094298617 -0.036183712481457686 -0.8974696971297809 -0.9809345351605874 
0.23522985233168323 -0.6691967570262641 -0.977559872209552 -0.15979604041714496 -0.6471632700766667 0.36456597350653863 -0.005623679094298617 -0.036183712481457686 -0.8974696971297809 -0.9809345351605874 
0.23522985233168323 -0.6691967570262641 -0.977559872209552 -0.15979604041714496 -0.6471632700766667 0.36456597350653863 -0.712551949958298 -0.036183712481457686 -0.8974696971297809 -0.9809345351605874 
0.23522985233168323 -0.6691967570262641 -0.977559872209552 -0.15979604041714496 -0.6471632700766667 0.31470635008295306 -0.712551949958298 -0.036183712481457686 -0.8974696971297809 -0.9809345351605874 
0.23522985233168323 -0.6691967570262641 -0.977559872209552 -0.15979604041714496 -0.6471632700766667 0.31470635008295306 -0.712551949958298 -0.036183712481457686 -0.8974696971297809 -0.9809345351605874 
0.23522985233168323 -0.6691967570262641 -0.977559872209552 -0.15979604041714496 -0.6471632700766667 0.31470635008295306 -0.712551949958298 -0.036183712481457686 -0.8974696971297809 -0.9809345351605874 
0.23522985233168323 -0.6691967570262641 -0.977559872209552 -0.15979604041714496 -0.6471632700766667 0.31470635008295306 -0.712551949958298 -0.036183712481457686 -0.8974696971297809 -0.9809345351605874 
0.23522985233168323 -0.6691967570262641 -0.977559872209552 -0.15979604041714496 -0.6471632700766667 0.31470635008295306 -0.712551949958298 -0.036183712481457686 -0.8974696971297809 -0.9809345351605874 
0.23522985233168323 -0.6691967570262641 -0.977559872209552 -0.15979604041714496 -0.6471632700766667 0.31470635008295306 -0.712551949958298 -0.036183712481457686 -0.8974696971297809 -0.9809345351605874 
0.23522985233168323 -0.9402264260245965 -0.977559872209552 -0.15979604041714496 -0.6471632700766667 0.31470635008295306 -0.712551949958298 -0.036183712481457686 -0.8974696971297809 -0.9809345351605874 
0.23522985233168323 -0.9402264260245965 -0.977559872209552 -0.15979604041714496 -0.6471632700766667 0.31470635008295306 -0.712551949958298 -0.036183712481457686 -0.8974696971297809 -0.9809345351605874 
0.23522985233168323 -0.9402264260245965 -0.977559872209552 -0.15979604041714496 -0.6471632700766667 0.31470635008295306 -0.712551949958298 -0.036183712481457686 -0.8974696971297809 -0.9809345351605874 
0.23522985233168323 -0.9402264260245965 -0.977559872209552 -0.15979604041714496 -0.6471632700766667 0.168068157465539 -0.712551949958298 -0.036183712481457686 -0.8974696971297809 -0.9809345351605874 
0.23522985233168323 -0.9402264260245965 -0.977559872209552 -0.15979604041714496 -0.7698504991045374 0.168068157465539 -0.712551949958298 -0.036183712481457686 -0.8974696971297809 -0.9809345351605874 
0.23522985233168323 -0.9402264260245965 -0.977559872209552 -0.15979604041714496 -0.7698504991045374 0.168068157465539 -0.712551949958298 -0.036183712481457686 -0.8974696971297809 -0.9809345351605874 
0.23522985233168323 -0.9402264260245965 -0.977559872209552 -0.15979604041714496 -0.7698504991045374 0.168068157465539 -0.712551949958298 -0.036183712481457686 -0.8974696971297809 -0.9809345351605874 
0.23522985233168323 -0.9402264260245965 -0.977559872209552 -0.15979604041714496 -0.7698504991045374 0.168068157465539 -0.712551949958298 -0.036183712481457686 -0.8974696971297809 -0.9809345351605874 
0.23522985233168323 -0.9402264260245965 -0.977559872209552 -0.15979604041714496 -1.0479663081361683 0.168068157465539 -0.712551949958298 -0.036183712481457686 -0.8974696971297809 -0.9809345351605874 
0.23522985233168323 -0.9442874608659432 -0.977559872209552 -0.15979604041714496 -1.0479663081361683 0.168068157465539 -0.712551949958298 -0.036183712481457686 -0.8974696971297809 -0.9809345351605874 
0.23522985233168323 -0.9442874608659432 -0.977559872209552 -0.22365115047160333 -1.0479663081361683 0.168068157465539 -0.712551949958298 -0.036183712481457686 -0.8974696971297809 -0.9809345351605874 
0.23522985233168323 -0.9442874608659432 -0.977559872209552 -0.22365115047160333 -1.0479663081361683 0.168068157465539 -0.9626734025276886 -0.036183712481457686 -0.8974696971297809 -0.9809345351605874 
-0.4032298909097951 -0.9442874608659432 -0.977559872209552 -0.22365115047160333 -1.0479663081361683 0.168068157465539 -0.9626734025276886 -0.036183712481457686 -0.8974696971297809 -0.9809345351605874 
-0.4032298909097951 -0.9442874608659432 -0.977559872209552 -0.22365115047160333 -1.0479663081361683 0.168068157465539 -0.9626734025276886 -0.036183712481457686 -0.8974696971297809 -0.9809345351605874 
-0.4032298909097951 -0.9442874608659432 -0.977559872209552 -0.22365115047160333 -1.0479663081361683 0.168068157465539 -0.9626734025276886 -0.036183712481457686 -0.8974696971297809 -0.9809345351605874 
-0.4032298909097951 -0.9442874608659432 -0.977559872209552 -0.22365115047160333 -1.0479663081361683 0.168068157465539 -0.9626734025276886 -0.036183712481457686 -0.8974696971297809 -0.9809345351605874 
-0.4032298909097951 -0.9442874608659432 -0.977559872209552 -0.22365115047160333 -1.0479663081361683 0.168068157465539 -0.9626734025276886 -0.036183712481457686 -0.8974696971297809 -0.9809345351605874 
-0.4032298909097951 -0.9442874608659432 -0.977559872209552 -0.22365115047160333 -1.0479663081361683 0.168068157465539 -0.9626734025276886 -0.036183712481457686 -0.8974696971297809 -0.9809345351605874 
-0.4032298909097951 -0.9442874608659432 -0.977559872209552 -1.3230001254824448 -1.0479663081361683 0.168068157465539 -0.9626734025276886 -0.036183712481457686 -1.1776556130277591 -0.9809345351605874 
-0.4032298909097951 -0.9442874608659432 -0.977559872209552 -1.3230001254824448 -1.0479663081361683 0.168068157465539 -0.9626734025276886 -0.036183712481457686 -1.8201630260231547 -0.9809345351605874 
-0.4032298909097951 -0.9442874608659432 -0.977559872209552 -1.3230001254824448 -1.0479663081361683 0.168068157465539 -0.9626734025276886 -0.036183712481457686 -1.8201630260231547 -0.9809345351605874 
-0.4032298909097951 -0.9442874608659432 -0.977559872209552 -1.3230001254824448 -1.0479663081361683 0.168068157465539 -0.9626734025276886 -0.036183712481457686 -1.8201630260231547 -0.9809345351605874 
-0.4032298909097951 -0.9442874608659432 -0.977559872209552 -1.3230001254824448 -1.0479663081361683 0.168068157465539 -0.9626734025276886 -0.036183712481457686 -1.8201630260231547 -0.9809345351605874 
-0.4032298909097951 -0.9442874608659432 -0.977559872209552 -1.3230001254824448 -1.0479663081361683 0.168068157465539 -0.9626734025276886 -0.036183712481457686 -1.8201630260231547 -0.9809345351605874 
-0.4032298909097951 -0.9442874608659432 -0.977559872209552 -1.3230001254824448 -1.0479663081361683 -0.22565441252178264 -0.9626734025276886 -0.036183712481457686 -1.8201630260231547 -0.9809345351605874 
-0.4032298909097951 -0.9442874608659432 -0.977559872209552 -1.3230001254824448 -1.0479663081361683 -0.22565441252178264 -0.9626734025276886 -0.036183712481457686 -1.8201630260231547 -0.9809345351605874 
-0.4032298909097951 -0.9442874608659432 -0.977559872209552 -1.3230001254824448 -1.0479663081361683 -0.22565441252178264 -0.9626734025276886 -0.036183712481457686 -1.8201630260231547 -0.9809345351605874 
-0.4032298909097951 -0.9442874608659432 -0.977559872209552 -1.3230001254824448 -1.0479663081361683 -0.22565441252178264 -0.9626734025276886 -0.036183712481457686 -1.8201630260231547 -0.9809345351605874 
-0.4032298909097951 -2.068649363486432 -0.977559872209552 -1.3230001254824448 -1.0479663081361683 -0.22565441252178264 -0.9626734025276886 -0.036183712481457686 -1.8201630260231547 -0.9809345351605874 
-0.4032298909097951 -2.068649363486432 -0.977559872209552 -1.3230001254824448 -1.0479663081361683 -0.22565441252178264 -0.9626734025276886 -0.036183712481457686 -1.8201630260231547 -0.9809345351605874 
-0.4032298909097951 -2.068649363486432 -0.977559872209552 -1.3230001254824448 -1.0479663081361683 -0.22565441252178264 -0.9626734025276886 -0.036183712481457686 -1.8201630260231547 -0.9809345351605874 
-0.4032298909097951 -2.068649363486432 -0.977559872209552 -1.3230001254824448 -1.0479663081361683 -0.22565441252178264 -0.9626734025276886 -0.036183712481457686 -1.8201630260231547 -0.9809345351605874 
-0.4032298909097951 -2.068649363486432 -0.977559872209552 -1.3230001254824448 -1.0479663081361683 -0.22565441252178264 -0.9626734025276886 -0.036183712481457686 -1.8201630260231547 -0.9809345351605874 
-0.4032298909097951 -2.068649363486432 -0.977559872209552 -1.3230001254824448 -1.0479663081361683 -0.22565441252178264 -0.9626734025276886 -0.036183712481457686 -1.8201630260231547 -0.9809345351605874 
-0.4032298909097951 -2.068649363486432 -0.977559872209552 -1.3230001254824448 -1.0479663081361683 -0.22565441252178264 -0.9626734025276886 -0.036183712481457686 -1.8201630260231547 -0.9809345351605874 
-0.4032298909097951 -2.068649363486432 -0.977559872209552 -1.3230001254824448 -1.7220765353093428 -0.22565441252178264 -0.9626734025276886 -0.036183712481457686 -1.8201630260231547 -0.9809345351605874 
-0.4032298909097951 -2.068649363486432 -0.977559872209552 -1.3230001254824448 -1.7220765353093428 -0.22565441252178264 -0.9626734025276886 -0.036183712481457686 -1.8201630260231547 -0.9809345351605874 
-0.4032298909097951 -2.068649363486432 -0.977559872209552 -1.3230001254824448 -1.7220765353093428 -0.22565441252178264 -0.9626734025276886 -0.036183712481457686 -1.8201630260231547 -0.9809345351605874 
-0.4032298909097951 -2.068649363486432 -0.977559872209552 -1.3230001254824448 -1.7220765353093428 -0.22565441252178264 -0.9626734025276886 -0.036183712481457686 -1.8201630260231547 -0.9809345351605874 
-0.4032298909097951 -2.068649363486432 -1.1551836196060759 -1.3230001254824448 -1.7220765353093428 -0.22565441252178264 -0.9626734025276886 -0.036183712481457686 -1.8201630260231547 -0.9809345351605874 
-0.4032298909097951 -2.068649363486432 -1.1551836196060759 -1.3230001254824448 -1.7220765353093428 -0.22565441252178264 -0.9626734025276886 -0.036183712481457686 -1.8201630260231547 -0.9809345351605874 
-0.4032298909097951 -2.068649363486432 -1.1551836196060759 -1.3230001254824448 -1.7220765353093428 -0.22565441252178264 -0.9626734025276886 -0.036183712481457686 -1.8201630260231547 -0.9809345351605874 
-0.4032298909097951 -2.068649363486432 -1.1551836196060759 -1.3230001254824448 -1.7220765353093428 -0.22565441252178264 -0.9626734025276886 -0.036183712481457686 -1.8201630260231547 -0.9809345351605874 
-0.4032298909097951 -2.068649363486432 -1.1551836196060759 -1.3230001254824448 -1.7220765353093428 -0.22565441252178264 -0.9626734025276886 -0.036183712481457686 -1.8201630260231547 -0.9809345351605874 
-0.4032298909097951 -2.068649363486432 -1.1551836196060759 -1.3230001254824448 -1.7220765353093428 -0.22565441252178264 -0.9626734025276886 -0.036183712481457686 -1.8201630260231547 -0.9809345351605874 
-0.4032298909097951 -2.068649363486432 -1.1551836196060759 -1.3230001254824448 -1.7220765353093428 -0.22565441252178264 -0.9626734025276886 -0.036183712481457686 -1.8201630260231547 -0.9809345351605874 
-0.4032298909097951 -2.068649363486432 -1.1551836196060759 -1.3230001254824448 -1.7220765353093428 -0.22565441252178264 -0.9626734025276886 -0.036183712481457686 -1.8201630260231547 -0.9809345351605874 
-0.4032298909097951 -2.068649363486432 -1.1551836196060759 -1.3230001254824448 -1.7220765353093428 -0.22565441252178264 -0.9626734025276886 -0.036183712481457686 -1.8201630260231547 -0.9809345351605874 
-0.4032298909097951 -2.068649363486432 -1.1551836196060759 -1.3230001254824448 -1.7220765353093428 -0.22565441252178264 -0.9626734025276886 -0.036183712481457686 -1.8201630260231547 -0.9809345351605874 
-0.4032298909097951 -2.068649363486432 -1.1551836196060759 -1.3230001254824448 -1.7220765353093428 -0.22565441252178264 -0.9626734025276886 -0.036183712481457686 -1.8201630260231547 -0.9809345351605874 
-0.4032298909097951 -2.068649363486432 -1.1551836196060759 -1.3230001254824448 -1.7220765353093428 -0.22565441252178264 -0.9626734025276886 -0.036183712481457686 -1.8201630260231547 -0.9809345351605874 
-0.4032298909097951 -2.068649363486432 -1.1551836196060759 -1.3230001254824448 -1.7220765353093428 -0.22565441252178264 -0.9626734025276886 -0.036183712481457686 -1.8201630260231547 -0.9809345351605874 
-0.4032298909097951 -2.068649363486432 -1.2438906903711477 -1.3230001254824448 -1.7220765353093428 -0.22565441252178264 -0.9626734025276886 -0.036183712481457686 -1.8201630260231547 -0.9809345351605874 
-0.4032298909097951 -2.068649363486432 -1.2438906903711477 -1.3230001254824448 -1.7220765353093428 -0.22565441252178264 -0.9626734025276886 -0.036183712481457686 -1.8201630260231547 -0.9809345351605874 
-0.4032298909097951 -2.068649363486432 -1.2438906903711477 -1.3230001254824448 -1.7220765353093428 -0.22565441252178264 -0.9626734025276886 -0.036183712481457686 -1.8201630260231547 -0.9809345351605874 
-0.4032298909097951 -2.068649363486432 -1.2438906903711477 -1.3230001254824448 -1.7220765353093428 -0.22565441252178264 -0.9626734025276886 -0.036183712481457686 -1.8201630260231547 -0.9809345351605874 
-0.4032298909097951 -2.068649363486432 -1.2438906903711477 -1.3230001254824448 -1.7220765353093428 -0.22565441252178264 -0.9626734025276886 -0.036183712481457686 -1.8201630260231547 -0.9809345351605874 
-0.4032298909097951 -2.068649363486432 -1.2438906903711477 -1.3230001254824448 -1.7220765353093428 -0.22565441252178264 -0.9626734025276886 -0.036183712481457686 -1.8201630260231547 -0.9809345351605874 
-0.4032298909097951 -2.068649363486432 -1.2438906903711477 -1.3230001254824448 -1.7220765353093428 -0.22565441252178264 -0.9626734025276886 -0.036183712481457686 -1.8201630260231547 -0.9809345351605874 
-0.4032298909097951 -2.068649363486432 -1.2438906903711477 -1.3230001254824448 -1.7220765353093428 -0.22565441252178264 -0.9626734025276886 -0.036183712481457686 -1.8201630260231547 -0.9809345351605874 
-0.4032298909097951 -2.068649363486432 -1.2438906903711477 -1.3230001254824448 -1.7220765353093428 -0.22565441252178264 -0.9626734025276886 -0.036183712481457686 -1.8201630260231547 -0.9809345351605874 
-0.4032298909097951 -2.068649363486432 -1.2438906903711477 -1.3230001254824448 -1.7220765353093428 -0.22565441252178264 -0.9626734025276886 -0.036183712481457686 -1.8201630260231547 -0.9809345351605874 
-0.4032298909097951 -2.068649363486432 -1.2438906903711477 -1.3230001254824448 -1.7220765353093428 -0.22565441252178264 -0.9626734025276886 -0.036183712481457686 -1.8201630260231547 -0.9809345351605874 
-0.4032298909097951 -2.068649363486432 -1.2438906903711477 -1.3230001254824448 -1.7220765353093428 -1.4755798825966446 -0.9626734025276886 -0.036183712481457686 -1.8201630260231547 -0.9809345351605874 
-0.4032298909097951 -2.068649363486432 -1.2438906903711477 -1.3230001254824448 -1.7220765353093428 -1.4755798825966446 -0.9626734025276886 -0.036183712481457686 -1.8201630260231547 -0.9809345351605874 
-0.4032298909097951 -2.068649363486432 -1.2438906903711477 -1.3230001254824448 -1.7220765353093428 -1.4755798825966446 -0.9626734025276886 -0.036183712481457686 -1.8201630260231547 -0.9809345351605874 
-0.4032298909097951 -2.068649363486432 -1.2438906903711477 -1.3230001254824448 -1.7220765353093428 -1.4755798825966446 -0.9626734025276886 -0.036183712481457686 -1.8201630260231547 -0.9809345351605874 
-0.4032298909097951 -2.068649363486432 -1.2438906903711477 -1.3230001254824448 -1.7220765353093428 -1.4755798825966446 -0.9626734025276886 -0.036183712481457686 -1.8201630260231547 -0.9809345351605874 
-0.4032298909097951 -2.068649363486432 -1.2438906903711477 -1.3230001254824448 -1.7220765353093428 -1.4755798825966446 -0.9626734025276886 -0.036183712481457686 -1.8201630260231547 -0.9809345351605874 
-0.4032298909097951 -2.068649363486432 -1.2438906903711477 -1.3230001254824448 -1.7220765353093428 -1.4755798825966446 -1.0185218517929404 -0.036183712481457686 -1.8201630260231547 -0.9809345351605874 
-0.4032298909097951 -2.068649363486432 -1.2438906903711477 -1.3230001254824448 -1.7220765353093428 -1.4755798825966446 -1.0185218517929404 -0.036183712481457686 -1.8201630260231547 -0.9809345351605874 
-0.4032298909097951 -2.068649363486432 -1.2438906903711477 -1.3230001254824448 -1.7220765353093428 -1.4755798825966446 -1.0185218517929404 -0.036183712481457686 -1.8201630260231547 -0.9809345351605874 
-0.4032298909097951 -2.068649363486432 -1.2438906903711477 -1.3230001254824448 -1.7220765353093428 -1.4755798825966446 -1.0185218517929404 -0.036183712481457686 -1.8201630260231547 -0.9809345351605874 
-0.4032298909097951 -2.068649363486432 -1.2438906903711477 -1.3230001254824448 -1.7220765353093428 -1.4755798825966446 -1.0185218517929404 -0.036183712481457686 -1.8201630260231547 -0.9809345351605874 
-0.4032298909097951 -2.068649363486432 -1.2438906903711477 -1.3230001254824448 -1.7220765353093428 -1.4755798825966446 -1.0185218517929404 -0.036183712481457686 -1.8201630260231547 -0.9809345351605874 
-0.4032298909097951 -2.068649363486432 -1.2438906903711477 -1.3230001254824448 -1.7220765353093428 -1.4755798825966446 -1.0185218517929404 -0.036183712481457686 -1.8201630260231547 -0.9809345351605874 
-0.4032298909097951 -2.068649363486432 -1.2438906903711477 -1.3230001254824448 -1.7220765353093428 -1.4755798825966446 -1.0185218517929404 -0.036183712481457686 -1.8201630260231547 -0.9809345351605874 
-0.4032298909097951 -2.068649363486432 -1.2438906903711477 -1.3230001254824448 -1.7220765353093428 -1.4755798825966446 -1.0185218517929404 -0.036183712481457686 -1.8201630260231547 -0.9809345351605874 
-0.4032298909097951 -2.068649363486432 -1.2438906903711477 -1.3230001254824448 -1.7220765353093428 -1.4755798825966446 -1.0185218517929404 -0.036183712481457686 -1.8201630260231547 -0.9809345351605874 
-0.4032298909097951 -2.068649363486432 -1.2438906903711477 -1.3230001254824448 -1.7220765353093428 -1.4755798825966446 -1.0185218517929404 -0.036183712481457686 -1.8201630260231547 -0.9809345351605874 
-0.4032298909097951 -2.068649363486432 -1.2438906903711477 -1.3230001254824448 -1.7220765353093428 -1.4755798825966446 -1.0185218517929404 -0.036183712481457686 -1.8201630260231547 -0.9809345351605874 
-0.4032298909097951 -2.068649363486432 -1.2438906903711477 -1.3230001254824448 -1.7220765353093428 -1.4755798825966446 -1.0185218517929404 -0.036183712481457686 -1.8201630260231547 -0.9809345351605874 
-0.4032298909097951 -2.068649363486432 -1.2438906903711477 -1.3230001254824448 -1.7220765353093428 -1.4755798825966446 -1.0185218517929404 -0.036183712481457686 -1.8201630260231547 -0.9809345351605874 
-0.4032298909097951 -2.068649363486432 -1.2438906903711477 -1.3230001254824448 -1.7220765353093428 -1.4755798825966446 -1.0185218517929404 -0.036183712481457686 -1.8201630260231547 -0.9809345351605874 
-0.4032298909097951 -2.068649363486432 -1.2438906903711477 -1.3230001254824448 -1.7220765353093428 -1.4755798825966446 -1.0185218517929404 -0.036183712481457686 -1.8201630260231547 -0.9809345351605874 
-0.4032298909097951 -2.068649363486432 -1.2438906903711477 -1.3230001254824448 -1.7220765353093428 -1.4755798825966446 -1.0185218517929404 -0.036183712481457686 -1.8201630260231547 -0.9809345351605874 
-0.4032298909097951 -2.068649363486432 -1.2438906903711477 -1.3230001254824448 -1.7220765353093428 -1.4755798825966446 -1.0185218517929404 -0.036183712481457686 -1.8201630260231547 -0.9809345351605874 
-0.4032298909097951 -2.068649363486432 -1.2438906903711477 -1.3230001254824448 -1.7220765353093428 -1.4755798825966446 -1.0185218517929404 -0.036183712481457686 -1.8201630260231547 -0.9809345351605874 
-0.4032298909097951 -2.068649363486432 -1.2438906903711477 -1.3230001254824448 -1.7220765353093428 -1.4755798825966446 -1.0185218517929404 -0.036183712481457686 -1.8201630260231547 -0.9809345351605874 
-0.4032298909097951 -2.068649363486432 -1.2438906903711477 -1.3230001254824448 -1.7220765353093428 -1.4755798825966446 -1.0185218517929404 -0.036183712481457686 -1.8201630260231547 -0.9809345351605874 
-0.4032298909097951 -2.068649363486432 -1.2438906903711477 -1.3230001254824448 -1.7220765353093428 -1.4755798825966446 -1.0185218517929404 -0.036183712481457686 -1.8201630260231547 -0.9809345351605874 
-0.4032298909097951 -2.068649363486432 -1.2438906903711477 -1.3230001254824448 -1.7220765353093428 -1.4755798825966446 -1.0185218517929404 -0.036183712481457686 -1.8201630260231547 -0.9809345351605874 
-0.4032298909097951 -2.068649363486432 -1.2438906903711477 -1.3230001254824448 -1.7220765353093428 -1.4755798825966446 -1.0185218517929404 -0.036183712481457686 -1.8201630260231547 -0.9809345351605874 
-0.4032298909097951 -2.068649363486432 -1.2438906903711477 -1.3230001254824448 -1.7220765353093428 -1.4755798825966446 -1.0185218517929404 -0.036183712481457686 -1.8201630260231547 -0.9809345351605874 
-0.4032298909097951 -2.068649363486432 -1.2438906903711477 -2.2086699770752922 -1.7220765353093428 -1.4755798825966446 -1.0185218517929404 -0.036183712481457686 -1.8201630260231547 -0.9809345351605874 
-0.4032298909097951 -2.068649363486432 -1.2438906903711477 -2.2086699770752922 -1.7220765353093428 -1.4755798825966446 -1.0185218517929404 -0.036183712481457686 -1.8201630260231547 -0.9809345351605874 
-0.4032298909097951 -2.068649363486432 -1.2438906903711477 -2.2086699770752922 -1.7220765353093428 -1.4755798825966446 -1.0185218517929404 -0.036183712481457686 -1.8201630260231547 -0.9809345351605874 
-0.4032298909097951 -2.068649363486432 -1.2438906903711477 -2.2086699770752922 -1.7220765353093428 -1.4755798825966446 -1.0185218517929404 -0.036183712481457686 -1.8201630260231547 -0.9809345351605874 
-0.4032298909097951 -2.068649363486432 -1.2438906903711477 -2.2086699770752922 -1.7220765353093428 -1.4755798825966446 -1.0185218517929404 -0.036183712481457686 -1.8201630260231547 -0.9809345351605874 
-0.4032298909097951 -2.068649363486432 -1.2438906903711477 -2.2086699770752922 -1.7220765353093428 -1.4755798825966446 -1.0185218517929404 -0.036183712481457686 -1.8201630260231547 -1.007868680963347 
-0.4032298909097951 -2.068649363486432 -1.2438906903711477 -2.2086699770752922 -1.7220765353093428 -1.4755798825966446 -1.0185218517929404 -0.036183712481457686 -1.8201630260231547 -1.007868680963347 
-0.4032298909097951 -2.068649363486432 -1.2438906903711477 -2.2086699770752922 -1.7220765353093428 -1.4755798825966446 -1.0185218517929404 -0.036183712481457686 -1.8201630260231547 -1.007868680963347 
-0.4032298909097951 -2.068649363486432 -1.2438906903711477 -2.2086699770752922 -1.7220765353093428 -1.4755798825966446 -1.0185218517929404 -0.036183712481457686 -1.8201630260231547 -1.007868680963347 
-0.4032298909097951 -2.068649363486432 -1.2438906903711477 -2.2086699770752922 -1.7220765353093428 -1.4755798825966446 -1.0185218517929404 -0.036183712481457686 -1.8201630260231547 -1.007868680963347 
-0.4032298909097951 -2.068649363486432 -1.2438906903711477 -2.2086699770752922 -1.7220765353093428 -1.4755798825966446 -1.0185218517929404 -0.036183712481457686 -1.8201630260231547 -1.007868680963347 
-0.4032298909097951 -2.068649363486432 -1.2438906903711477 -2.2086699770752922 -1.7220765353093428 -1.4755798825966446 -1.0185218517929404 -0.036183712481457686 -1.8201630260231547 -1.007868680963347 
-0.4032298909097951 -2.068649363486432 -1.2438906903711477 -2.2086699770752922 -1.7220765353093428 -1.4755798825966446 -1.0185218517929404 -0.036183712481457686 -1.8201630260231547 -1.007868680963347 
-0.4032298909097951 -2.068649363486432 -1.2438906903711477 -2.2086699770752922 -1.7220765353093428 -1.4755798825966446 -1.0185218517929404 -0.036183712481457686 -1.8201630260231547 -1.007868680963347 
-0.4032298909097951 -2.068649363486432 -1.2438906903711477 -2.2086699770752922 -1.7220765353093428 -1.4755798825966446 -1.0185218517929404 -0.036183712481457686 -1.8201630260231547 -1.007868680963347 
-0.4032298909097951 -2.068649363486432 -1.2438906903711477 -2.2086699770752922 -1.7220765353093428 -1.4755798825966446 -1.0185218517929404 -0.036183712481457686 -1.8201630260231547 -1.007868680963347 
-0.4032298909097951 -2.068649363486432 -1.2438906903711477 -2.2086699770752922 -1.7220765353093428 -1.4755798825966446 -1.0185218517929404 -0.036183712481457686 -1.8201630260231547 -1.007868680963347 
-0.4032298909097951 -2.068649363486432 -1.2438906903711477 -2.2086699770752922 -1.7220765353093428 -1.4755798825966446 -1.0185218517929404 -0.036183712481457686 -1.8201630260231547 -1.007868680963347 
-0.4032298909097951 -2.068649363486432 -1.2438906903711477 -2.2086699770752922 -1.7220765353093428 -1.4755798825966446 -1.0185218517929404 -0.036183712481457686 -1.8201630260231547 -1.007868680963347 
-0.4032298909097951 -2.068649363486432 -1.2438906903711477 -2.2086699770752922 -1.7220765353093428 -1.4755798825966446 -1.0185218517929404 -0.036183712481457686 -1.8201630260231547 -1.007868680963347 
-0.4032298909097951 -2.068649363486432 -1.2438906903711477 -2.2086699770752922 -1.7220765353093428 -1.4755798825966446 -1.0185218517929404 -0.036183712481457686 -1.8201630260231547 -1.007868680963347 
-0.4032298909097951 -2.068649363486432 -1.2438906903711477 -2.2086699770752922 -1.7220765353093428 -1.4755798825966446 -1.0185218517929404 -0.036183712481457686 -1.8201630260231547 -1.007868680963347 
-0.4032298909097951 -2.068649363486432 -1.2438906903711477 -2.2086699770752922 -1.7220765353093428 -1.4755798825966446 -1.0185218517929404 -0.036183712481457686 -1.8201630260231547 -1.007868680963347 
-0.4032298909097951 -2.068649363486432 -1.2438906903711477 -2.2086699770752922 -1.7220765353093428 -1.4755798825966446 -1.0185218517929404 -0.036183712481457686 -1.8201630260231547 -1.007868680963347 
-0.4032298909097951 -2.068649363486432 -1.2438906903711477 -2.2086699770752922 -1.7220765353093428 -1.4755798825966446 -1.0185218517929404 -0.036183712481457686 -1.8201630260231547 -1.007868680963347 
-0.4032298909097951 -2.068649363486432 -1.2438906903711477 -2.2086699770752922 -1.7220765353093428 -1.4755798825966446 -1.0185218517929404 -0.036183712481457686 -1.8201630260231547 -1.007868680963347 
-0.4032298909097951 -2.068649363486432 -1.2438906903711477 -2.2086699770752922 -1.7220765353093428 -1.4755798825966446 -1.0185218517929404 -0.036183712481457686 -1.8201630260231547 -1.007868680963347 
-0.4032298909097951 -2.068649363486432 -1.2438906903711477 -2.2086699770752922 -1.7220765353093428 -1.4755798825966446 -1.0185218517929404 -0.036183712481457686 -1.8201630260231547 -1.007868680963347 
-0.4032298909097951 -2.068649363486432 -1.2438906903711477 -2.2086699770752922 -1.7220765353093428 -1.4755798825966446 -1.0185218517929404 -0.036183712481457686 -1.8201630260231547 -1.007868680963347 
-0.4032298909097951 -2.068649363486432 -1.2438906903711477 -2.2086699770752922 -1.7220765353093428 -1.4755798825966446 -1.0185218517929404 -0.036183712481457686 -1.8201630260231547 -1.007868680963347 
-0.4032298909097951 -2.068649363486432 -1.2438906903711477 -2.2086699770752922 -1.7220765353093428 -1.4755798825966446 -1.0185218517929404 -0.036183712481457686 -1.8201630260231547 -1.007868680963347 
-0.4032298909097951 -2.068649363486432 -1.2438906903711477 -2.2086699770752922 -1.7220765353093428 -1.4755798825966446 -1.0185218517929404 -0.036183712481457686 -1.8201630260231547 -1.007868680963347 
-0.4032298909097951 -2.068649363486432 -1.2438906903711477 -2.2086699770752922 -1.7220765353093428 -1.4755798825966446 -1.0185218517929404 -0.036183712481457686 -1.8201630260231547 -1.007868680963347 
-0.4032298909097951 -2.068649363486432 -1.2438906903711477 -2.2086699770752922 -1.7220765353093428 -1.4755798825966446 -1.0185218517929404 -0.036183712481457686 -1.8201630260231547 -1.007868680963347 
-0.4032298909097951 -2.068649363486432 -1.2438906903711477 -2.2086699770752922 -1.7220765353093428 -1.4755798825966446 -1.0185218517929404 -0.036183712481457686 -1.8201630260231547 -1.007868680963347 
-0.4032298909097951 -2.068649363486432 -1.2438906903711477 -2.2086699770752922 -1.7220765353093428 -1.4755798825966446 -1.0185218517929404 -0.036183712481457686 -1.8201630260231547 -1.007868680963347 
-0.4032298909097951 -2.068649363486432 -1.2438906903711477 -2.2086699770752922 -1.7220765353093428 -1.4755798825966446 -1.5242572352634742 -0.036183712481457686 -1.8201630260231547 -1.007868680963347 
-0.4032298909097951 -2.068649363486432 -1.2438906903711477 -2.2086699770752922 -1.7220765353093428 -1.4755798825966446 -1.5242572352634742 -0.036183712481457686 -1.8201630260231547 -1.007868680963347 
-0.4032298909097951 -2.068649363486432 -1.2438906903711477 -2.2086699770752922 -1.7220765353093428 -1.4755798825966446 -1.5242572352634742 -0.036183712481457686 -1.8201630260231547 -1.007868680963347 
-0.4032298909097951 -2.068649363486432 -1.2438906903711477 -2.2086699770752922 -1.7220765353093428 -1.4755798825966446 -1.5242572352634742 -0.036183712481457686 -1.8201630260231547 -1.007868680963347 
-0.4032298909097951 -2.068649363486432 -1.2438906903711477 -2.2086699770752922 -1.7220765353093428 -1.4755798825966446 -1.5242572352634742 -0.036183712481457686 -1.8201630260231547 -1.007868680963347 
-0.4032298909097951 -2.068649363486432 -1.2438906903711477 -2.2086699770752922 -1.7220765353093428 -1.4755798825966446 -1.5242572352634742 -0.036183712481457686 -1.8201630260231547 -1.007868680963347 
-0.4032298909097951 -2.068649363486432 -1.2438906903711477 -2.2086699770752922 -1.7220765353093428 -1.4755798825966446 -1.5242572352634742 -0.036183712481457686 -1.8201630260231547 -1.007868680963347 
-0.4032298909097951 -2.068649363486432 -1.2438906903711477 -2.2086699770752922 -1.7220765353093428 -1.4755798825966446 -1.5242572352634742 -0.036183712481457686 -1.8201630260231547 -1.007868680963347 
-0.4032298909097951 -2.068649363486432 -1.2438906903711477 -2.2086699770752922 -1.7220765353093428 -1.4755798825966446 -1.5242572352634742 -0.036183712481457686 -1.8201630260231547 -1.007868680963347 
-0.4032298909097951 -2.068649363486432 -1.2438906903711477 -2.2086699770752922 -1.7220765353093428 -1.4755798825966446 -1.5242572352634742 -0.036183712481457686 -1.8201630260231547 -1.007868680963347 
-0.4032298909097951 -2.068649363486432 -1.2438906903711477 -2.2086699770752922 -1.7220765353093428 -1.4755798825966446 -1.5242572352634742 -0.036183712481457686 -1.8201630260231547 -1.007868680963347 
-0.4032298909097951 -2.068649363486432 -1.2438906903711477 -2.2086699770752922 -1.7220765353093428 -1.4755798825966446 -1.5242572352634742 -0.036183712481457686 -1.8201630260231547 -1.007868680963347 
-0.4032298909097951 -2.068649363486432 -1.2438906903711477 -2.2086699770752922 -1.7220765353093428 -1.4755798825966446 -1.5242572352634742 -0.036183712481457686 -1.8201630260231547 -1.007868680963347 
-0.4032298909097951 -2.068649363486432 -1.2438906903711477 -2.2086699770752922 -1.7220765353093428 -1.4755798825966446 -1.5242572352634742 -0.036183712481457686 -1.8201630260231547 -1.007868680963347 
-0.4032298909097951 -2.068649363486432 -1.2438906903711477 -2.2086699770752922 -1.7220765353093428 -1.4755798825966446 -1.5242572352634742 -0.036183712481457686 -1.8201630260231547 -1.007868680963347 
-0.4032298909097951 -2.068649363486432 -1.2438906903711477 -2.2086699770752922 -1.7220765353093428 -1.4755798825966446 -1.5242572352634742 -0.036183712481457686 -1.8201630260231547 -1.007868680963347 
-0.4032298909097951 -2.068649363486432 -1.2438906903711477 -2.2086699770752922 -1.7220765353093428 -1.4755798825966446 -1.5242572352634742 -0.036183712481457686 -1.8201630260231547 -1.007868680963347 
-0.4032298909097951 -2.068649363486432 -1.2438906903711477 -2.2086699770752922 -1.7220765353093428 -1.4755798825966446 -1.5242572352634742 -0.036183712481457686 -1.8201630260231547 -1.3279632600702003 
-0.4032298909097951 -2.068649363486432 -1.2438906903711477 -2.2086699770752922 -1.7220765353093428 -1.4755798825966446 -1.5242572352634742 -0.036183712481457686 -1.8201630260231547 -1.3279632600702003 
-0.4032298909097951 -2.068649363486432 -1.2438906903711477 -2.2086699770752922 -1.7220765353093428 -1.4755798825966446 -1.5242572352634742 -0.036183712481457686 -1.8201630260231547 -1.3279632600702003 
-0.4032298909097951 -2.068649363486432 -1.2438906903711477 -2.2086699770752922 -1.7220765353093428 -1.4755798825966446 -1.5242572352634742 -0.036183712481457686 -1.8201630260231547 -1.3279632600702003 
-0.4032298909097951 -2.068649363486432 -1.2438906903711477 -2.2086699770752922 -1.7220765353093428 -1.4755798825966446 -1.5242572352634742 -0.036183712481457686 -1.8201630260231547 -1.3279632600702003 
-0.4032298909097951 -2.068649363486432 -1.2438906903711477 -2.2086699770752922 -1.7220765353093428 -1.4755798825966446 -1.5242572352634742 -0.036183712481457686 -1.8201630260231547 -1.3279632600702003 
-0.4032298909097951 -2.068649363486432 -1.2438906903711477 -2.2086699770752922 -1.7220765353093428 -1.4755798825966446 -1.5242572352634742 -0.036183712481457686 -1.8201630260231547 -1.3279632600702003 
-0.4032298909097951 -2.068649363486432 -1.2438906903711477 -2.2086699770752922 -1.7220765353093428 -1.4755798825966446 -1.5242572352634742 -0.036183712481457686 -1.8201630260231547 -1.3279632600702003 
-0.4032298909097951 -2.068649363486432 -1.2438906903711477 -2.2086699770752922 -1.7220765353093428 -1.4755798825966446 -1.5242572352634742 -0.036183712481457686 -1.8201630260231547 -1.3279632600702003 
-0.4032298909097951 -2.068649363486432 -1.2438906903711477 -2.2086699770752922 -1.7220765353093428 -1.4755798825966446 -1.5242572352634742 -0.036183712481457686 -1.8201630260231547 -1.3279632600702003 
-0.4032298909097951 -2.068649363486432 -1.2438906903711477 -2.2086699770752922 -1.7220765353093428 -1.4755798825966446 -1.5242572352634742 -0.036183712481457686 -1.8201630260231547 -1.3279632600702003 
-0.4032298909097951 -2.068649363486432 -1.2438906903711477 -2.2086699770752922 -1.7220765353093428 -1.4755798825966446 -1.5242572352634742 -0.036183712481457686 -1.8201630260231547 -1.3279632600702003 
-0.4032298909097951 -2.068649363486432 -1.2438906903711477 -2.2086699770752922 -1.7220765353093428 -1.4755798825966446 -1.5242572352634742 -0.036183712481457686 -1.8201630260231547 -1.3279632600702003 
-0.4032298909097951 -2.068649363486432 -1.2438906903711477 -2.2086699770752922 -1.7220765353093428 -1.4755798825966446 -1.5242572352634742 -0.036183712481457686 -1.8201630260231547 -1.3279632600702003 
-0.4032298909097951 -2.068649363486432 -1.2438906903711477 -2.2086699770752922 -1.7220765353093428 -1.4755798825966446 -1.5242572352634742 -0.036183712481457686 -1.8201630260231547 -1.3279632600702003 
-0.4032298909097951 -2.068649363486432 -1.2438906903711477 -2.2086699770752922 -1.7220765353093428 -1.4755798825966446 -1.5242572352634742 -0.036183712481457686 -1.8201630260231547 -1.3279632600702003 
-0.4032298909097951 -2.068649363486432 -1.2438906903711477 -2.2086699770752922 -1.7220765353093428 -1.4755798825966446 -1.5242572352634742 -0.036183712481457686 -1.8201630260231547 -1.3279632600702003 
-0.4032298909097951 -2.068649363486432 -1.2438906903711477 -2.2086699770752922 -1.7220765353093428 -1.4755798825966446 -1.5242572352634742 -0.036183712481457686 -1.8201630260231547 -1.3279632600702003 
-0.4032298909097951 -2.068649363486432 -1.2438906903711477 -2.2086699770752922 -1.7220765353093428 -1.4755798825966446 -1.5242572352634742 -0.036183712481457686 -1.8201630260231547 -1.3279632600702003 
-0.4032298909097951 -2.068649363486432 -1.2438906903711477 -2.2086699770752922 -1.7220765353093428 -1.4755798825966446 -1.5242572352634742 -0.036183712481457686 -1.8201630260231547 -1.3279632600702003 
-0.4032298909097951 -2.068649363486432 -1.2438906903711477 -2.2086699770752922 -1.7220765353093428 -1.4755798825966446 -1.5242572352634742 -0.036183712481457686 -1.8201630260231547 -1.3279632600702003 
-0.4032298909097951 -2.068649363486432 -1.2438906903711477 -2.2086699770752922 -1.7220765353093428 -1.4755798825966446 -1.5242572352634742 -0.036183712481457686 -1.8201630260231547 -1.3279632600702003 
-0.4032298909097951 -2.068649363486432 -1.2438906903711477 -2.2086699770752922 -1.7220765353093428 -1.4755798825966446 -1.5242572352634742 -0.036183712481457686 -1.8201630260231547 -1.3279632600702003 
-0.4032298909097951 -2.068649363486432 -1.2438906903711477 -2.2086699770752922 -1.7220765353093428 -1.4755798825966446 -1.5242572352634742 -0.036183712481457686 -1.8201630260231547 -1.3279632600702003 
-0.4032298909097951 -2.068649363486432 -1.2438906903711477 -2.2086699770752922 -1.7220765353093428 -1.4755798825966446 -1.5242572352634742 -0.036183712481457686 -1.8201630260231547 -1.3279632600702003 
-0.4032298909097951 -2.068649363486432 -1.2438906903711477 -2.2086699770752922 -1.7220765353093428 -1.4755798825966446 -1.5242572352634742 -0.036183712481457686 -1.8201630260231547 -1.3279632600702003 
-0.4032298909097951 -2.068649363486432 -1.2438906903711477 -2.2086699770752922 -1.7220765353093428 -1.4755798825966446 -1.5242572352634742 -0.036183712481457686 -1.8201630260231547 -1.3279632600702003 
-0.4032298909097951 -2.068649363486432 -1.2438906903711477 -2.2086699770752922 -1.7220765353093428 -1.4755798825966446 -1.5242572352634742 -0.036183712481457686 -1.8201630260231547 -1.3279632600702003 
-0.4032298909097951 -2.068649363486432 -1.2438906903711477 -2.2086699770752922 -1.7220765353093428 -1.4755798825966446 -1.5242572352634742 -0.036183712481457686 -1.8201630260231547 -1.3279632600702003 
-0.4032298909097951 -2.068649363486432 -1.2438906903711477 -2.2086699770752922 -1.7220765353093428 -1.4755798825966446 -1.5242572352634742 -0.036183712481457686 -1.8201630260231547 -1.3279632600702003 
-0.4032298909097951 -2.068649363486432 -1.2438906903711477 -2.2086699770752922 -1.7220765353093428 -1.4755798825966446 -1.5242572352634742 -0.036183712481457686 -1.8201630260231547 -1.3279632600702003 
-0.4032298909097951 -2.068649363486432 -1.2438906903711477 -2.2086699770752922 -1.7220765353093428 -1.4755798825966446 -1.5242572352634742 -0.036183712481457686 -1.8201630260231547 -1.3279632600702003 
-0.4032298909097951 -2.068649363486432 -1.2438906903711477 -2.2086699770752922 -1.7220765353093428 -1.4755798825966446 -1.5242572352634742 -0.036183712481457686 -1.8201630260231547 -1.3279632600702003 
-0.4032298909097951 -2.068649363486432 -1.2438906903711477 -2.2086699770752922 -1.7220765353093428 -1.4755798825966446 -1.5242572352634742 -0.036183712481457686 -1.8201630260231547 -1.3279632600702003 
-0.4032298909097951 -2.068649363486432 -1.2438906903711477 -2.2086699770752922 -1.7220765353093428 -1.4755798825966446 -1.5242572352634742 -0.036183712481457686 -1.8201630260231547 -1.3279632600702003 
-0.4032298909097951 -2.068649363486432 -1.2438906903711477 -2.2086699770752922 -1.7220765353093428 -1.4755798825966446 -1.5242572352634742 -0.036183712481457686 -1.8201630260231547 -1.3279632600702003 
-0.4032298909097951 -2.068649363486432 -1.2438906903711477 -2.2086699770752922 -1.7220765353093428 -1.4755798825966446 -1.5242572352634742 -0.036183712481457686 -1.8201630260231547 -1.3279632600702003 
-0.4032298909097951 -2.068649363486432 -1.2438906903711477 -2.2086699770752922 -1.7220765353093428 -1.4755798825966446 -1.5242572352634742 -0.036183712481457686 -1.8201630260231547 -1.3279632600702003 
-0.4032298909097951 -2.068649363486432 -1.2438906903711477 -2.2086699770752922 -1.7220765353093428 -1.4755798825966446 -1.5242572352634742 -0.036183712481457686 -1.8201630260231547 -1.3279632600702003 
-0.4032298909097951 -2.068649363486432 -1.2438906903711477 -2.2086699770752922 -1.7220765353093428 -1.4755798825966446 -1.5242572352634742 -0.036183712481457686 -1.8201630260231547 -1.3279632600702003 
-0.4032298909097951 -2.068649363486432 -1.2438906903711477 -2.2086699770752922 -1.7220765353093428 -1.4755798825966446 -1.5242572352634742 -0.036183712481457686 -1.8201630260231547 -1.3279632600702003 
-0.4032298909097951 -2.068649363486432 -1.2438906903711477 -2.2086699770752922 -1.7220765353093428 -1.4755798825966446 -1.5242572352634742 -0.036183712481457686 -1.8201630260231547 -1.3279632600702003 
-0.4032298909097951 -2.068649363486432 -1.2438906903711477 -2.2086699770752922 -1.7220765353093428 -1.4755798825966446 -1.5242572352634742 -0.036183712481457686 -1.8201630260231547 -1.3279632600702003 
-0.4032298909097951 -2.068649363486432 -1.2438906903711477 -2.2086699770752922 -1.7220765353093428 -1.4755798825966446 -1.5242572352634742 -0.036183712481457686 -1.8201630260231547 -1.3279632600702003 
-0.4032298909097951 -2.068649363486432 -1.2438906903711477 -2.2086699770752922 -1.7220765353093428 -1.4755798825966446 -1.5242572352634742 -0.036183712481457686 -1.8201630260231547 -1.3279632600702003 
-0.4032298909097951 -2.068649363486432 -1.2438906903711477 -2.2086699770752922 -1.7220765353093428 -1.4755798825966446 -1.5242572352634742 -0.036183712481457686 -1.8201630260231547 -1.3279632600702003 
-0.4032298909097951 -2.068649363486432 -1.2438906903711477 -2.2086699770752922 -1.7220765353093428 -1.4755798825966446 -1.5242572352634742 -0.036183712481457686 -1.8201630260231547 -1.3279632600702003 
-0.4032298909097951 -2.068649363486432 -1.2438906903711477 -2.2086699770752922 -1.7220765353093428 -1.4755798825966446 -1.5242572352634742 -0.036183712481457686 -1.8201630260231547 -1.3279632600702003 
-0.4032298909097951 -2.068649363486432 -1.2438906903711477 -2.2086699770752922 -1.7220765353093428 -1.4755798825966446 -1.5242572352634742 -0.036183712481457686 -1.8201630260231547 -1.3279632600702003 
-0.4032298909097951 -2.068649363486432 -1.2438906903711477 -2.2086699770752922 -1.7220765353093428 -1.4755798825966446 -1.5242572352634742 -0.036183712481457686 -1.8201630260231547 -1.3279632600702003 
-0.4032298909097951 -2.068649363486432 -1.2438906903711477 -2.2086699770752922 -1.7220765353093428 -1.4755798825966446 -1.5242572352634742 -0.036183712481457686 -1.8201630260231547 -1.3279632600702003 
-0.4032298909097951 -2.068649363486432 -1.2438906903711477 -2.2086699770752922 -1.7220765353093428 -1.4755798825966446 -1.5242572352634742 -0.036183712481457686 -1.8201630260231547 -1.3279632600702003 
-0.4032298909097951 -2.068649363486432 -1.2438906903711477 -2.2086699770752922 -1.7220765353093428 -1.4755798825966446 -1.5242572352634742 -0.036183712481457686 -1.8201630260231547 -1.3279632600702003 
-0.4032298909097951 -2.068649363486432 -1.2438906903711477 -2.2086699770752922 -1.7220765353093428 -1.4755798825966446 -1.5242572352634742 -0.036183712481457686 -1.8201630260231547 -1.3279632600702003 
-0.4032298909097951 -2.068649363486432 -1.2438906903711477 -2.2086699770752922 -1.7220765353093428 -1.4755798825966446 -1.5242572352634742 -0.036183712481457686 -1.8201630260231547 -1.3279632600702003 
-0.4032298909097951 -2.068649363486432 -1.2438906903711477 -2.2086699770752922 -1.7220765353093428 -1.4755798825966446 -1.5242572352634742 -0.036183712481457686 -1.8201630260231547 -1.3279632600702003 
-0.4032298909097951 -2.068649363486432 -1.2438906903711477 -2.2086699770752922 -1.7220765353093428 -1.4755798825966446 -1.5242572352634742 -0.036183712481457686 -1.8201630260231547 -1.3279632600702003 
-0.4032298909097951 -2.068649363486432 -1.2438906903711477 -2.2086699770752922 -1.7220765353093428 -1.4755798825966446 -1.5242572352634742 -0.036183712481457686 -1.8201630260231547 -1.3279632600702003 
-0.4032298909097951 -2.068649363486432 -1.2438906903711477 -2.2086699770752922 -1.7220765353093428 -1.4755798825966446 -1.5242572352634742 -0.036183712481457686 -1.8201630260231547 -1.3279632600702003 
-0.4032298909097951 -2.068649363486432 -1.2438906903711477 -2.2086699770752922 -1.7220765353093428 -1.4755798825966446 -1.5242572352634742 -0.036183712481457686 -1.8201630260231547 -1.3279632600702003 
-0.4032298909097951 -2.068649363486432 -1.2438906903711477 -2.2086699770752922 -1.7220765353093428 -1.4755798825966446 -1.5242572352634742 -0.036183712481457686 -1.8201630260231547 -1.3279632600702003 
-0.4032298909097951 -2.068649363486432 -1.2438906903711477 -2.2086699770752922 -1.7220765353093428 -1.4755798825966446 -1.5242572352634742 -0.036183712481457686 -1.8201630260231547 -1.3279632600702003 
-0.4032298909097951 -2.068649363486432 -1.2438906903711477 -2.2086699770752922 -1.7220765353093428 -1.4755798825966446 -1.5242572352634742 -0.036183712481457686 -1.8201630260231547 -1.3279632600702003 
-0.4032298909097951 -2.068649363486432 -1.2438906903711477 -2.2086699770752922 -1.7220765353093428 -1.4755798825966446 -1.5242572352634742 -0.036183712481457686 -1.8201630260231547 -1.3279632600702003 
-0.4032298909097951 -2.068649363486432 -1.2438906903711477 -2.2086699770752922 -1.7220765353093428 -1.4755798825966446 -1.5242572352634742 -0.036183712481457686 -1.8201630260231547 -1.3279632600702003 
-0.4032298909097951 -2.068649363486432 -1.2438906903711477 -2.2086699770752922 -1.7220765353093428 -1.4755798825966446 -1.5242572352634742 -0.036183712481457686 -1.8201630260231547 -1.3279632600702003 
-0.4032298909097951 -2.068649363486432 -1.2438906903711477 -2.2086699770752922 -1.7220765353093428 -1.4755798825966446 -1.5242572352634742 -0.036183712481457686 -1.8201630260231547 -1.3279632600702003 
-0.4032298909097951 -2.068649363486432 -1.2438906903711477 -2.2086699770752922 -1.7220765353093428 -1.4755798825966446 -1.5242572352634742 -0.036183712481457686 -1.8201630260231547 -1.3279632600702003 
-0.4032298909097951 -2.068649363486432 -1.2438906903711477 -2.2086699770752922 -1.7220765353093428 -1.4755798825966446 -1.5242572352634742 -0.036183712481457686 -1.8201630260231547 -1.3279632600702003 
-0.4032298909097951 -2.068649363486432 -1.2438906903711477 -2.2086699770752922 -1.7220765353093428 -1.4755798825966446 -1.5242572352634742 -0.036183712481457686 -1.8201630260231547 -1.3279632600702003 
-0.4032298909097951 -2.068649363486432 -1.2438906903711477 -2.2086699770752922 -1.7220765353093428 -1.4755798825966446 -1.5242572352634742 -0.036183712481457686 -1.8201630260231547 -1.3279632600702003 
-0.4032298909097951 -2.068649363486432 -1.2438906903711477 -2.2086699770752922 -1.7220765353093428 -1.4755798825966446 -1.5242572352634742 -0.036183712481457686 -1.8201630260231547 -1.3279632600702003 
-0.4032298909097951 -2.068649363486432 -1.2438906903711477 -2.2086699770752922 -1.7220765353093428 -1.4755798825966446 -1.5242572352634742 -0.036183712481457686 -1.8201630260231547 -1.3279632600702003 
